{"producer":{"name":"Blender","version":"2.79 (sub 0)","exporter_version":"5.6.4","file":"panda2.babylon"},
"autoClear":true,"clearColor":[0.0509,0.0509,0.0509],"ambientColor":[0,0,0],"gravity":[0,-9.81,0],
"materials":[{"name":"panda2.Cylinder","id":"panda2.Cylinder","ambient":[0,0,0],"diffuse":[0.8,0.8,0.8],"specular":[1,1,1],"emissive":[0,0,0],"specularPower":64,"alpha":1,"backFaceCulling":true,"checkReadyOnlyOnce":false,"maxSimultaneousLights":4}],
"multiMaterials":[],
"skeletons":[{"name":"Armature","id":0,"dimensionsAtRest":[3.8676,5.3991,0],"bones":[
{"name":"Lower Spine","index":0,"matrix":[1,0,0,0,0,-1,0,0,0,0,1,0,-0.2012,1.6964,0.3784,1],"rest":[1,0,0,0,0,-1,0,0,0,0,1,0,-0.2012,1.6964,0.3784,1],"parentBoneIndex":-1,"length":0.5975
,"animation":{"dataType":3,"framePerSecond":24,"keys":[
{"frame":0,"values":[1,0,0,0,0,-1,0,0,0,0,1,0,-0.2012,1.6964,0.3784,1]},
{"frame":6,"values":[1,0,0,0,0,-1,0,0,0,0,1,0,-0.2012,1.6964,0.3784,1]}],"loopBehavior":1,"name":"anim","property":"_matrix"}},
{"name":"Hip R","index":1,"matrix":[-0.0003,-0.0017,1,0,-0.9819,0.1896,0,0,-0.1896,-0.9819,-0.0017,0,0,0.5975,0,1],"rest":[-0.0003,-0.0017,1,0,-0.9819,0.1896,0,0,-0.1896,-0.9819,-0.0017,0,0,0.5975,0,1],"parentBoneIndex":0,"length":0.6836
,"animation":{"dataType":3,"framePerSecond":24,"keys":[
{"frame":0,"values":[-0.0003,-0.0017,1,0,-0.9819,0.1896,0,0,-0.1896,-0.9819,-0.0017,0,0,0.5975,0,1]},
{"frame":6,"values":[-0.0003,-0.0017,1,0,-0.9819,0.1896,0,0,-0.1896,-0.9819,-0.0017,0,0,0.5975,0,1]}],"loopBehavior":1,"name":"anim","property":"_matrix"}},
{"name":"Thigh R","index":2,"matrix":[-0.9999,0.0119,0.0028,0,-0.0017,0.0901,-0.9959,0,-0.0121,-0.9959,-0.0901,0,0,0.6836,0,1],"rest":[-0.9999,0.0119,0.0028,0,-0.0017,0.0901,-0.9959,0,-0.0121,-0.9959,-0.0901,0,0,0.6836,0,1],"parentBoneIndex":1,"length":0.5099
,"animation":{"dataType":3,"framePerSecond":24,"keys":[
{"frame":0,"values":[-0.9999,0.0119,0.0028,0,-0.0017,0.0901,-0.9959,0,-0.0121,-0.9959,-0.0901,0,0,0.6836,0,1]},
{"frame":6,"values":[-0.9999,0.0119,0.0028,0,-0.0017,0.0901,-0.9959,0,-0.0121,-0.9959,-0.0901,0,0,0.6836,0,1]}],"loopBehavior":1,"name":"anim","property":"_matrix"}},
{"name":"Lower Leg R","index":3,"matrix":[0.9999,0,0.0119,0,0.0007,0.9982,-0.0595,0,-0.0119,0.0595,0.9982,0,0,0.5099,0,1],"rest":[0.9999,0,0.0119,0,0.0007,0.9982,-0.0595,0,-0.0119,0.0595,0.9982,0,0,0.5099,0,1],"parentBoneIndex":2,"length":0.4118
,"animation":{"dataType":3,"framePerSecond":24,"keys":[
{"frame":0,"values":[0.9999,0,0.0119,0,0.0007,0.9982,-0.0595,0,-0.0119,0.0595,0.9982,0,0,0.5099,0,1]},
{"frame":6,"values":[0.9999,0,0.0119,0,0.0007,0.9982,-0.0595,0,-0.0119,0.0595,0.9982,0,0,0.5099,0,1]}],"loopBehavior":1,"name":"anim","property":"_matrix"}},
{"name":"Hip L","index":4,"matrix":[-0.0001,-0.0007,-1,0,0.9971,-0.0762,0,0,-0.0762,-0.9971,0.0007,0,0,0.5975,0,1],"rest":[0.0001,-0.0007,-1,0,0.9828,0.1845,0,0,0.1845,-0.9828,0.0007,0,0,0.5975,0,1],"parentBoneIndex":0,"length":0.7028
,"animation":{"dataType":3,"framePerSecond":24,"keys":[
{"frame":0,"values":[0.0001,-0.0007,-1,0,0.9828,0.1845,0,0,0.1845,-0.9828,0.0007,0,0,0.5975,0,1]},
{"frame":5,"values":[0,-0.0007,-1,0,0.9985,0.0546,0,0,0.0546,-0.9985,0.0007,0,0,0.5975,0,1]},
{"frame":6,"values":[-0.0001,-0.0007,-1,0,0.9971,-0.0762,0,0,-0.0762,-0.9971,0.0007,0,0,0.5975,0,1]}],"loopBehavior":1,"name":"anim","property":"_matrix"}},
{"name":"Thigh L","index":5,"matrix":[-1,0.005,0.0013,0,-0.0007,0.1245,-0.9922,0,-0.0052,-0.9922,-0.1245,0,0,0.7028,0,1],"rest":[-1,0.005,0.0013,0,-0.0007,0.1245,-0.9922,0,-0.0052,-0.9922,-0.1245,0,0,0.7028,0,1],"parentBoneIndex":4,"length":0.5139
,"animation":{"dataType":3,"framePerSecond":24,"keys":[
{"frame":0,"values":[-1,0.005,0.0013,0,-0.0007,0.1245,-0.9922,0,-0.0052,-0.9922,-0.1245,0,0,0.7028,0,1]},
{"frame":6,"values":[-1,0.005,0.0013,0,-0.0007,0.1245,-0.9922,0,-0.0052,-0.9922,-0.1245,0,0,0.7028,0,1]}],"loopBehavior":1,"name":"anim","property":"_matrix"}},
{"name":"Lower Leg L","index":6,"matrix":[1,0,0.0051,0,0,1,-0.0053,0,-0.0051,0.0053,1,0,0,0.5139,0,1],"rest":[1,0,0.0051,0,0,1,-0.0053,0,-0.0051,0.0053,1,0,0,0.5139,0,1],"parentBoneIndex":5,"length":0.4065
,"animation":{"dataType":3,"framePerSecond":24,"keys":[
{"frame":0,"values":[1,0,0.0051,0,0,1,-0.0053,0,-0.0051,0.0053,1,0,0,0.5139,0,1]},
{"frame":6,"values":[1,0,0.0051,0,0,1,-0.0053,0,-0.0051,0.0053,1,0,0,0.5139,0,1]}],"loopBehavior":1,"name":"anim","property":"_matrix"}},
{"name":"Spine","index":7,"matrix":[1,-0.0062,0,0,0.0062,1,0,0,0,0,-1,0,-0.2012,1.6964,0.3784,1],"rest":[1,-0.0062,0,0,0.0062,1,0,0,0,0,-1,0,-0.2012,1.6964,0.3784,1],"parentBoneIndex":-1,"length":0.5232
,"animation":{"dataType":3,"framePerSecond":24,"keys":[
{"frame":0,"values":[1,-0.0062,0,0,0.0062,1,0,0,0,0,-1,0,-0.2012,1.6964,0.3784,1]},
{"frame":6,"values":[1,-0.0062,0,0,0.0062,1,0,0,0,0,-1,0,-0.2012,1.6964,0.3784,1]}],"loopBehavior":1,"name":"anim","property":"_matrix"}},
{"name":"Torso","index":8,"matrix":[0.8358,0.5491,0,0,-0.5491,0.8358,0,0,0,0,1,0,0,0.5232,0,1],"rest":[1,0,0,0,0,1,0,0,0,0,1,0,0,0.5232,0,1],"parentBoneIndex":7,"length":1.0465
,"animation":{"dataType":3,"framePerSecond":24,"keys":[
{"frame":0,"values":[1,0,0,0,0,1,0,0,0,0,1,0,0,0.5232,0,1]},
{"frame":5,"values":[0.9581,0.2866,0,0,-0.2866,0.9581,0,0,0,0,1,0,0,0.5232,0,1]},
{"frame":6,"values":[0.8358,0.5491,0,0,-0.5491,0.8358,0,0,0,0,1,0,0,0.5232,0,1]}],"loopBehavior":1,"name":"anim","property":"_matrix"}},
{"name":"Head","index":9,"matrix":[0,0,-1,0,-0.0069,1,0,0,1,0.0069,0,0,0,1.0465,0,1],"rest":[0,0,-1,0,-0.0069,1,0,0,1,0.0069,0,0,0,1.0465,0,1],"parentBoneIndex":8,"length":2.1835
,"animation":{"dataType":3,"framePerSecond":24,"keys":[
{"frame":0,"values":[0,0,-1,0,-0.0069,1,0,0,1,0.0069,0,0,0,1.0465,0,1]},
{"frame":1,"values":[0,0,-1,0,0.0367,0.9993,0,0,0.9993,-0.0367,0,0,0,1.0465,0,1]},
{"frame":2,"values":[0,0,-1,0,0.0802,0.9968,0,0,0.9968,-0.0802,0,0,0,1.0465,0,1]},
{"frame":3,"values":[0,0,-1,0,-0.0069,1,0,0,1,0.0069,0,0,0,1.0465,0,1]},
{"frame":4,"values":[0,0,-1,0,-0.0941,0.9956,0,0,0.9956,0.0941,0,0,0,1.0465,0,1]},
{"frame":5,"values":[0,0,-1,0,-0.0506,0.9987,0,0,0.9987,0.0506,0,0,0,1.0465,0,1]},
{"frame":6,"values":[0,0,-1,0,-0.0069,1,0,0,1,0.0069,0,0,0,1.0465,0,1]}],"loopBehavior":1,"name":"anim","property":"_matrix"}},
{"name":"Shourlder L","index":10,"matrix":[0,0,1,0,0.9846,-0.1748,0,0,0.1748,0.9846,0,0,0,1.0465,0,1],"rest":[0,0,1,0,0.9846,-0.1748,0,0,0.1748,0.9846,0,0,0,1.0465,0,1],"parentBoneIndex":8,"length":1.0758
,"animation":{"dataType":3,"framePerSecond":24,"keys":[
{"frame":0,"values":[0,0,1,0,0.9846,-0.1748,0,0,0.1748,0.9846,0,0,0,1.0465,0,1]},
{"frame":6,"values":[0,0,1,0,0.9846,-0.1748,0,0,0.1748,0.9846,0,0,0,1.0465,0,1]}],"loopBehavior":1,"name":"anim","property":"_matrix"}},
{"name":"Upper Arm L","index":11,"matrix":[1,0,0,0,0,0.9993,-0.0367,0,0,0.0367,0.9993,0,0,1.0758,0,1],"rest":[1,0,0,0,0,0.9993,-0.0367,0,0,0.0367,0.9993,0,0,1.0758,0,1],"parentBoneIndex":10,"length":0.4487
,"animation":{"dataType":3,"framePerSecond":24,"keys":[
{"frame":0,"values":[1,0,0,0,0,0.9993,-0.0367,0,0,0.0367,0.9993,0,0,1.0758,0,1]},
{"frame":1,"values":[1,0,0,0,0,0.9681,-0.2507,0,0,0.2507,0.9681,0,0,1.0758,0,1]},
{"frame":2,"values":[1,0,0,0,0,0.8902,-0.4556,0,0,0.4556,0.8902,0,0,1.0758,0,1]},
{"frame":3,"values":[1,0,0,0,0,0.9833,0.182,0,0,-0.182,0.9833,0,0,1.0758,0,1]},
{"frame":4,"values":[1,0,0,0,0,0.6705,0.7419,0,0,-0.7419,0.6705,0,0,1.0758,0,1]},
{"frame":5,"values":[1,0,0,0,0,0.9212,0.3891,0,0,-0.3891,0.9212,0,0,1.0758,0,1]},
{"frame":6,"values":[1,0,0,0,0,0.9993,-0.0367,0,0,0.0367,0.9993,0,0,1.0758,0,1]}],"loopBehavior":1,"name":"anim","property":"_matrix"}},
{"name":"Lower Arm L","index":12,"matrix":[1,0,0,0,0,1,0,0,0,0,1,0,0,0.4487,0,1],"rest":[1,0,0,0,0,1,0,0,0,0,1,0,0,0.4487,0,1],"parentBoneIndex":11,"length":0.4487
,"animation":{"dataType":3,"framePerSecond":24,"keys":[
{"frame":0,"values":[1,0,0,0,0,1,0,0,0,0,1,0,0,0.4487,0,1]},
{"frame":6,"values":[1,0,0,0,0,1,0,0,0,0,1,0,0,0.4487,0,1]}],"loopBehavior":1,"name":"anim","property":"_matrix"}},
{"name":"Shoulder R","index":13,"matrix":[0,0,-1,0,-0.9813,-0.1926,0,0,-0.1926,0.9813,0,0,0,1.0465,0,1],"rest":[0,0,-1,0,-0.9813,-0.1926,0,0,-0.1926,0.9813,0,0,0,1.0465,0,1],"parentBoneIndex":8,"length":1.0435
,"animation":{"dataType":3,"framePerSecond":24,"keys":[
{"frame":0,"values":[0,0,-1,0,-0.9813,-0.1926,0,0,-0.1926,0.9813,0,0,0,1.0465,0,1]},
{"frame":6,"values":[0,0,-1,0,-0.9813,-0.1926,0,0,-0.1926,0.9813,0,0,0,1.0465,0,1]}],"loopBehavior":1,"name":"anim","property":"_matrix"}},
{"name":"Upper Arm R","index":14,"matrix":[-1,0,0,0,0,0.9992,-0.0404,0,0,-0.0404,-0.9992,0,0,1.0435,0,1],"rest":[-1,0,0,0,0,0.9992,-0.0404,0,0,-0.0404,-0.9992,0,0,1.0435,0,1],"parentBoneIndex":13,"length":0.4663
,"animation":{"dataType":3,"framePerSecond":24,"keys":[
{"frame":0,"values":[-1,0,0,0,0,0.9992,-0.0404,0,0,-0.0404,-0.9992,0,0,1.0435,0,1]},
{"frame":1,"values":[-1,0,0,0,0,0.9227,0.3856,0,0,0.3856,-0.9227,0,0,1.0435,0,1]},
{"frame":2,"values":[-1,0,0,0,0,0.6732,0.7394,0,0,0.7394,-0.6732,0,0,1.0435,0,1]},
{"frame":3,"values":[-1,0,0,0,0,0.984,0.1783,0,0,0.1783,-0.984,0,0,1.0435,0,1]},
{"frame":4,"values":[-1,0,0,0,0,0.8885,-0.4589,0,0,-0.4589,-0.8885,0,0,1.0435,0,1]},
{"frame":5,"values":[-1,0,0,0,0,0.9671,-0.2543,0,0,-0.2543,-0.9671,0,0,1.0435,0,1]},
{"frame":6,"values":[-1,0,0,0,0,0.9992,-0.0404,0,0,-0.0404,-0.9992,0,0,1.0435,0,1]}],"loopBehavior":1,"name":"anim","property":"_matrix"}},
{"name":"Lower Arm R","index":15,"matrix":[1,0,0,0,0,1,0,0,0,0,1,0,0,0.4663,0,1],"rest":[1,0,0,0,0,1,0,0,0,0,1,0,0,0.4663,0,1],"parentBoneIndex":14,"length":0.4663
,"animation":{"dataType":3,"framePerSecond":24,"keys":[
{"frame":0,"values":[1,0,0,0,0,1,0,0,0,0,1,0,0,0.4663,0,1]},
{"frame":6,"values":[1,0,0,0,0,1,0,0,0,0,1,0,0,0.4663,0,1]}],"loopBehavior":1,"name":"anim","property":"_matrix"}}]
,"ranges":[{"name":"ArmatureAction","from":0,"to":6}]}],
"meshes":[{"name":"Cylinder","id":"Cylinder","materialId":"panda2.Cylinder","billboardMode":0,"position":[0,0,0],"rotation":[0,0,0],"scaling":[1,1,1],"isVisible":true,"freezeWorldMatrix":false,"isEnabled":true,"checkCollisions":false,"receiveShadows":false,"pickable":true,"tags":"","skeletonId":0,"numBoneInfluencers":4
,"positions":[-0.7921,0.6029,0.7174,-0.5525,0.0125,0.4549,-0.8031,0.0125,0.6071,-0.3982,0.6332,0.4733,-0.5526,0.0125,0.1691,-0.5525,0.0125,0.4549,-0.4136,0.7068,0.1507,-0.8031,0.0125,0.0721,-0.5526,0.0125,0.1691,-0.8214,0.7844,-0.0382,-0.9924,0.0125,0.1875,-0.8031,0.0125,0.0721,-0.4136,0.7068,0.1507,-0.2729,0.8808,0.4517,-0.3274,0.951,0.1317,-0.9924,0.0125,0.1875,-1.2844,0.5422,0.4917
,-0.9924,0.0125,0.455,-0.9924,0.0125,0.455,-0.7921,0.6029,0.7174,-0.8031,0.0125,0.6071,-0.5525,0.0125,0.4549,-0.8031,0.0125,0.0721,-0.9924,0.0125,0.455,-1.2961,0.6148,0.1507,-1.4169,1.3497,0.4918,-1.2844,0.5422,0.4917,-0.3982,0.6332,0.4733,-0.7825,0.9294,0.9207,-0.2729,0.8808,0.4517,-0.8214,0.7844,-0.0382,-0.3274,0.951,0.1317,-0.8897,0.9999,-0.2728,-1.2844,0.5422,0.4917
,-0.7825,0.9294,0.9207,-0.7921,0.6029,0.7174,-1.2961,0.6148,0.1507,-0.8897,0.9999,-0.2728,-1.4409,1.4086,0.1507,-0.1671,1.1743,1.2729,-0.1519,0.9592,0.4138,-0.2729,0.8808,0.4517,-0.1671,1.1743,1.2729,-0.8445,1.7226,1.0862,-0.1602,1.8794,1.5999,-1.4169,1.3497,0.4918,-0.8445,1.7226,1.0862,-0.7825,0.9294,0.9207,-1.4409,1.4086,0.1507,-0.9853,1.8178,-0.5117,-1.3571,1.866,0.1324
,-1.4409,1.4086,0.1507,-1.3456,1.8784,0.4918,-1.4169,1.3497,0.4918,-0.1748,0.98,-0.1941,-0.9853,1.8178,-0.5117,-0.8897,0.9999,-0.2728,-0.1511,1.8761,-0.8696,-0.9684,2.2263,-0.4198,-0.9853,1.8178,-0.5117,-1.3456,1.8784,0.4918,-1.2525,1.9303,0.0772,-1.1357,2.1346,0.4917,-0.1602,1.8794,1.5999,-0.8141,2.2307,1.1229,-0.4207,2.6562,1.318,-0.8445,1.7226,1.0862,-1.1357,2.1346,0.4917
,-0.8141,2.2307,1.1229,-0.9853,1.8178,-0.5117,-1.2525,1.9303,0.0772,-1.3571,1.866,0.1324,-0.9684,2.2263,-0.4198,-0.7196,3.0442,-0.5534,-1.1565,2.867,-0.0688,-0.4207,2.6562,1.318,-0.9171,2.9869,0.8482,-0.7484,3.0881,1.011,-1.278,2.4386,0.6225,-1.3708,2.753,0.4407,-0.9171,2.9869,0.8482,-1.1565,2.867,-0.0688,-1.4119,2.6774,0.1293,-1.2778,2.4047,-0.053,-0.7196,3.0442,-0.5534
,-1.5587,2.7024,-0.4051,-1.1565,2.867,-0.0688,-1.3708,2.753,0.4407,-1.8298,2.4916,0.1347,-1.7535,2.5657,0.7824,-0.7484,3.0881,1.011,-1.3788,2.8343,1.2838,-0.8418,3.2258,1.5545,-1.3708,2.753,0.4407,-1.3788,2.8343,1.2838,-0.9171,2.9869,0.8482,-1.4119,2.6774,0.1293,-1.5587,2.7024,-0.4051,-1.8298,2.4916,0.1347,-0.7889,3.1497,-0.9608,-1.0412,3.5315,-1.255,-1.4419,3.2719,-1.0506
,-1.8298,2.4916,0.1347,-2.2873,2.7785,0.7825,-1.7535,2.5657,0.7824,-0.8418,3.2258,1.5545,-1.6475,3.19,1.348,-1.1092,3.6373,1.7333,-1.7535,2.5657,0.7824,-1.6475,3.19,1.348,-1.3788,2.8343,1.2838,-1.8298,2.4916,0.1347,-1.7023,3.0999,-0.4051,-2.363,2.7037,0.1347,-1.7023,3.0999,-0.4051,-1.6348,3.6153,-0.9036,-1.9543,3.4334,-0.3684,-2.363,2.7037,0.1347,-2.5702,3.164,0.7273
,-2.2873,2.7785,0.7825,-1.1092,3.6373,1.7333,-1.9189,3.6092,1.3456,-1.4623,4.1748,1.6351,-2.2873,2.7785,0.7825,-1.9189,3.6092,1.3456,-1.6475,3.19,1.348,-1.4419,3.2719,-1.0506,-1.2476,3.846,-1.255,-1.6348,3.6153,-0.9036,-2.363,2.7037,0.1347,-1.9543,3.4334,-0.3684,-2.6287,3.0611,0.1347,-1.4623,4.1748,1.6351,-2.1039,4.3377,1.1322,-1.7388,4.5982,1.3046,-1.9189,3.6092,1.3456
,-2.6786,3.9635,0.6905,-2.1039,4.3377,1.1322,-1.9543,3.4334,-0.3684,-2.7404,3.8204,0.0979,-2.6287,3.0611,0.1347,-1.6348,3.6153,-0.9036,-1.3142,3.9491,-0.8505,-1.4434,3.8581,-0.6462,-1.9543,3.4334,-0.3684,-1.4434,3.8581,-0.6462,-2.1082,4.1996,-0.4051,-2.6287,3.0611,0.1347,-2.7404,3.8204,0.0979,-2.7095,3.8919,0.3942,-1.3142,3.9491,-0.8505,-1.594,4.375,-0.7565,-1.4434,3.8581,-0.6462
,-2.1082,4.1996,-0.4051,-1.594,4.375,-0.7565,-1.7503,4.6103,-0.6109,-2.1039,4.3377,1.1322,-1.9012,4.8427,1.0104,-1.7388,4.5982,1.3046,-2.1039,4.3377,1.1322,-2.5283,4.4151,0.4699,-2.1854,4.6469,0.8381,-2.1082,4.1996,-0.4051,-2.4962,4.3988,0.2082,-2.7404,3.8204,0.0979,-2.7095,3.8919,0.3942,-2.4962,4.3988,0.2082,-2.5283,4.4151,0.4699,-2.1082,4.1996,-0.4051,-1.8901,4.8258,-0.3719
,-2.2331,4.5704,-0.0926,-2.2331,4.5704,-0.0926,-1.9624,4.9359,-0.2065,-1.9991,4.9917,-0.0926,-2.1854,4.6469,0.8381,-2.0377,5.0505,0.4515,-2.0198,5.0233,0.6542,-2.2331,4.5704,-0.0926,-2.0332,5.0437,0.1898,-2.4962,4.3988,0.2082,-2.1854,4.6469,0.8381,-1.9634,4.9374,0.8634,-1.9012,4.8427,1.0104,-2.4962,4.3988,0.2082,-2.0377,5.0505,0.4515,-2.5283,4.4151,0.4699,-1.2778,2.4047,-0.053
,-1.9524,2.0738,0.1293,-1.8768,1.8498,0.0655,-1.2525,1.9303,0.0772,-1.671,1.6304,0.2933,-1.732,1.7077,0.4918,-1.4119,2.6774,0.1293,-1.9439,2.1594,0.4407,-1.9524,2.0738,0.1293,-1.278,2.4386,0.6225,-1.9439,2.1594,0.4407,-1.3708,2.753,0.4407,-1.1357,2.1346,0.4917,-1.8892,1.8994,0.6225,-1.278,2.4386,0.6225,-1.2525,1.9303,0.0772,-1.8768,1.8498,0.0655,-1.7221,1.6904,0.0772
,-1.8892,1.8994,0.6225,-2.2597,1.7281,0.3088,-1.9439,2.1594,0.4407,-1.8768,1.8498,0.0655,-2.2122,1.6722,0.2057,-2.186,1.5759,0.1604,-1.671,1.6304,0.2933,-2.0546,1.5345,0.2583,-2.0633,1.5229,0.357,-1.8768,1.8498,0.0655,-2.0546,1.5345,0.2583,-1.7221,1.6904,0.0772,-1.8892,1.8994,0.6225,-2.1553,1.5586,0.4112,-2.3012,1.6151,0.3947,-1.732,1.7077,0.4918,-2.0633,1.5229,0.357
,-2.1553,1.5586,0.4112,-1.9524,2.0738,0.1293,-2.2597,1.7281,0.3088,-2.2122,1.6722,0.2057,-2.2597,1.7281,0.3088,-2.3012,1.6151,0.3947,-2.1553,1.5586,0.4112,-2.4962,4.3988,0.2082,-3.0274,4.0372,0.2256,-2.8093,4.5206,0.3449,-2.7095,3.8919,0.3942,-2.841,4.0937,0.5756,-3.133,3.8492,0.3687,-2.5283,4.4151,0.4699,-2.841,4.0937,0.5756,-2.6786,3.9635,0.6905,-2.7095,3.8919,0.3942
,-3.0274,4.0372,0.2256,-2.7404,3.8204,0.0979,-2.5283,4.4151,0.4699,-2.8093,4.5206,0.3449,-2.4962,4.3988,0.2082,-3.0274,4.0372,0.2256,-3.3673,4.2277,0.329,-3.3349,4.2895,0.31,-3.0274,4.0372,0.2256,-3.1508,4.5157,0.3976,-2.8093,4.5206,0.3449,-2.8229,4.6826,0.4571,-3.1508,4.5157,0.3976,-2.8093,4.5206,0.3449,-2.841,4.0937,0.5756,-3.3673,4.2277,0.329,-3.133,3.8492,0.3687
,-2.841,4.0937,0.5756,-3.1656,4.5553,0.4535,-3.2509,4.4521,0.416,-3.2509,4.4521,0.416,-3.1656,4.5553,0.4535,-3.1508,4.5157,0.3976,0.4581,0.1509,0.4549,0.5367,0.7832,0.7173,0.7001,0.2157,0.607,0.4581,0.1509,0.1691,0.1524,0.7129,0.4733,0.4581,0.1509,0.4549,0.7001,0.2157,0.0721,0.1449,0.7861,0.1507,0.4581,0.1509,0.1691,0.883,0.2647,0.1874,0.5179,0.966,-0.0382
,0.7001,0.2157,0.0721,0.1449,0.7861,0.1507,-0.0296,0.9206,0.4517,0.1524,0.7129,0.4733,0.883,0.2647,0.1874,1.0279,0.8519,0.4917,1.0204,0.9251,0.1506,0.883,0.2647,0.4549,0.5367,0.7832,0.7173,1.0279,0.8519,0.4917,0.883,0.2647,0.4549,0.7001,0.2157,0.0721,0.4581,0.1509,0.4549,0.9719,1.6563,0.4916,1.0204,0.9251,0.1506,1.0279,0.8519,0.4917,0.1524,0.7129,0.4733
,0.4409,1.0811,0.9207,0.5367,0.7832,0.7173,0.5179,0.966,-0.0382,-0.0052,0.9936,0.1317,0.1449,0.7861,0.1507,0.4409,1.0811,0.9207,1.0279,0.8519,0.4917,0.5367,0.7832,0.7173,1.0204,0.9251,0.1506,0.5281,1.1814,-0.2728,0.5179,0.966,-0.0382,-0.0296,0.9206,0.4517,-0.0052,0.9936,0.1317,-0.1519,0.9592,0.4138,-0.1671,1.1743,1.2729,0.5393,1.8973,1.0861,0.4409,1.0811,0.9207
,0.5393,1.8973,1.0861,0.9719,1.6563,0.4916,0.4409,1.0811,0.9207,0.9916,1.7334,0.1506,0.6698,2.1102,-0.5118,0.5281,1.1814,-0.2728,0.9446,2.2453,0.4916,0.9916,1.7334,0.1506,0.9719,1.6563,0.4916,0.5281,1.1814,-0.2728,-0.1511,1.8761,-0.8696,-0.1748,0.98,-0.1941,0.6698,2.1102,-0.5118,-0.3121,2.4879,-0.8554,-0.1511,1.8761,-0.8696,0.9446,2.2453,0.4916,0.6222,2.9911,0.0771
,0.9578,2.2932,0.1323,-0.1602,1.8794,1.5999,0.1738,2.7469,1.1229,0.5393,1.8973,1.0861,0.1738,2.7469,1.1229,0.9446,2.2453,0.4916,0.5393,1.8973,1.0861,0.6222,2.9911,0.0771,0.6698,2.1102,-0.5118,0.9578,2.2932,0.1323,0.2434,2.8856,-0.4199,-0.7196,3.0442,-0.5534,-0.3121,2.4879,-0.8554,-0.4207,2.6562,1.318,-0.5885,3.2028,0.8482,0.1738,2.7469,1.1229,-0.5885,3.2028,0.8482
,-0.1938,3.5263,0.4406,0.058,3.3163,0.6224,0.1137,3.2995,-0.0531,-0.3835,3.3749,-0.0689,0.2434,2.8856,-0.4199,-0.0728,3.6787,-0.4052,-0.7196,3.0442,-0.5534,-0.3835,3.3749,-0.0689,-0.1938,3.5263,0.4406,0.2284,3.8438,0.1346,-0.1081,3.534,0.1292,-0.7484,3.0881,1.011,-0.2651,3.5659,1.2838,-0.5885,3.2028,0.8482,-0.2651,3.5659,1.2838,-0.1938,3.5263,0.4406,-0.5885,3.2028,0.8482
,-0.1081,3.534,0.1292,-0.0728,3.6787,-0.4052,-0.3835,3.3749,-0.0689,-0.6419,3.7975,-1.0507,-1.0393,3.5328,-1.255,-0.7889,3.1497,-0.9608,0.1467,4.3777,0.7823,0.2284,3.8438,0.1346,0.1301,3.8032,0.7823,-0.8377,3.2286,1.5545,-0.485,3.9538,1.3479,-0.2651,3.5659,1.2838,-0.485,3.9538,1.3479,0.1301,3.8032,0.7823,-0.2651,3.5659,1.2838,0.2284,3.8438,0.1346,-0.3806,3.9683,-0.4052
,-0.0728,3.6787,-0.4052,-0.3806,3.9683,-0.4052,-0.8805,4.1109,-0.9036,-0.6419,3.7975,-1.0507,-0.0949,4.7903,0.7272,0.2453,4.4174,0.1346,0.1467,4.3777,0.7823,-1.1092,3.6373,1.7333,-0.762,4.3693,1.3455,-0.485,3.9538,1.3479,-0.762,4.3693,1.3455,0.1467,4.3777,0.7823,-0.485,3.9538,1.3479,-0.6419,3.7975,-1.0507,-1.2459,3.8471,-1.255,-1.0393,3.5328,-1.255,0.2453,4.4174,0.1346
,-0.5866,4.3319,-0.3684,-0.3806,3.9683,-0.4052,-1.4623,4.1748,1.6351,-1.3572,4.8283,1.1322,-0.762,4.3693,1.3455,-0.762,4.3693,1.3455,-0.7856,5.2072,0.6904,-0.0949,4.7903,0.7272,-0.6298,5.2071,0.0978,-0.5866,4.3319,-0.3684,0.0228,4.8031,0.1346,-0.8805,4.1109,-0.9036,-1.3142,3.9491,-0.8505,-1.2459,3.8471,-1.255,-0.5866,4.3319,-0.3684,-1.1793,4.0316,-0.6462,-0.8805,4.1109,-0.9036
,-0.7077,5.2071,0.3941,-0.6298,5.2071,0.0978,0.0228,4.8031,0.1346,-1.1793,4.0316,-0.6462,-1.3142,3.9491,-0.8505,-1.3142,3.9491,-0.8505,-1.2288,4.7774,-0.4052,-1.594,4.375,-0.7565,-1.1793,4.0316,-0.6462,-1.9012,4.8427,1.0104,-1.3572,4.8283,1.1322,-1.7411,4.5967,1.3046,-1.3572,4.8283,1.1322,-1.2598,5.2485,0.4698,-0.7856,5.2072,0.6904,-1.2576,5.2126,0.2081,-1.2288,4.7774,-0.4052
,-0.6298,5.2071,0.0978,-1.2576,5.2126,0.2081,-0.6298,5.2071,0.0978,-0.7077,5.2071,0.3941,-1.2288,4.7774,-0.4052,-1.8901,4.8258,-0.3719,-1.7479,4.6119,-0.6109,-1.5195,5.0392,-0.0927,-1.9624,4.9359,-0.2065,-1.8901,4.8258,-0.3719,-1.6087,5.0259,0.838,-2.0377,5.0505,0.4515,-1.2598,5.2485,0.4698,-2.0332,5.0437,0.1898,-1.5195,5.0392,-0.0927,-1.2576,5.2126,0.2081,-1.9634,4.9374,0.8634
,-1.6087,5.0259,0.838,-1.9012,4.8427,1.0104,-2.0377,5.0505,0.4515,-1.2576,5.2126,0.2081,-1.2598,5.2485,0.4698,0.1137,3.2995,-0.0531,0.6605,3.7904,0.1292,-0.1081,3.534,0.1292,0.9557,3.3562,0.2932,0.921,3.4269,0.0771,0.6222,2.9911,0.0771,-0.1081,3.534,0.1292,0.5786,3.8167,0.4406,-0.1938,3.5263,0.4406,0.5786,3.8167,0.4406,0.058,3.3163,0.6224,-0.1938,3.5263,0.4406
,0.7955,3.6633,0.6224,0.3563,3.018,0.4917,0.058,3.3163,0.6224,0.6222,2.9911,0.0771,0.8361,3.6321,0.0654,0.1137,3.2995,-0.0531,1.0997,3.9353,0.3087,0.7955,3.6633,0.6224,0.5786,3.8167,0.4406,0.8361,3.6321,0.0654,1.1323,3.8695,0.2055,0.6605,3.7904,0.1292,0.9557,3.3562,0.2932,1.196,3.6702,0.2582,0.921,3.4269,0.0771,1.196,3.6702,0.2582,0.8361,3.6321,0.0654
,0.921,3.4269,0.0771,0.7955,3.6633,0.6224,1.2139,3.7722,0.411,0.909,3.4428,0.4916,0.909,3.4428,0.4916,1.2102,3.6736,0.3569,0.9557,3.3562,0.2932,0.6605,3.7904,0.1292,1.0997,3.9353,0.3087,0.5786,3.8167,0.4406,1.2103,3.8073,0.1602,1.196,3.6702,0.2582,1.2139,3.7722,0.411,-1.2576,5.2126,0.2081,-0.7148,5.5566,0.2255,-0.6298,5.2071,0.0978,-0.7077,5.2071,0.3941
,-0.8406,5.4079,0.5755,-0.7856,5.2072,0.6904,-0.8406,5.4079,0.5755,-1.2598,5.2485,0.4698,-0.7856,5.2072,0.6904,-0.7148,5.5566,0.2255,-0.7077,5.2071,0.3941,-0.6298,5.2071,0.0978,-1.2451,5.5483,0.3449,-1.2598,5.2485,0.4698,-1.2576,5.2126,0.2081,-0.7148,5.5566,0.2255,-0.7547,5.9442,0.3289,-0.5003,5.5789,0.3686,-1.105,5.8598,0.3975,-0.7148,5.5566,0.2255,-1.2451,5.5483,0.3449
,-1.105,5.8598,0.3975,-1.3883,5.6251,0.4571,-1.2451,5.5483,0.3449,-0.7547,5.9442,0.3289,-0.8406,5.4079,0.5755,-0.5003,5.5789,0.3686,-0.8406,5.4079,0.5755,-1.1355,5.8891,0.4534,-1.3883,5.6251,0.4571,-1.105,5.8598,0.3975,-1.1355,5.8891,0.4534,-1.0069,5.9264,0.4159,-0.3982,0.6332,0.4733,-0.4136,0.7068,0.1507,-0.8214,0.7844,-0.0382,-1.2961,0.6148,0.1507,-0.3982,0.6332,0.4733
,-1.2961,0.6148,0.1507,-1.2844,0.5422,0.4917,-0.8031,0.0125,0.6071,-0.5526,0.0125,0.1691,-0.9924,0.0125,0.1875,-1.4409,1.4086,0.1507,-0.7921,0.6029,0.7174,-0.4136,0.7068,0.1507,-1.4169,1.3497,0.4918,-0.8214,0.7844,-0.0382,-0.1748,0.98,-0.1941,-0.8897,0.9999,-0.2728,-0.3274,0.951,0.1317,-0.7825,0.9294,0.9207,-0.1677,0.9674,0.0657,-0.7825,0.9294,0.9207,-1.3456,1.8784,0.4918
,-0.8897,0.9999,-0.2728,-1.3571,1.866,0.1324,-0.1511,1.8761,-0.8696,-0.3121,2.4879,-0.8554,-1.3571,1.866,0.1324,-0.8445,1.7226,1.0862,-1.3456,1.8784,0.4918,-0.9684,2.2263,-0.4198,-0.3121,2.4879,-0.8554,-0.8141,2.2307,1.1229,-0.8141,2.2307,1.1229,-1.1357,2.1346,0.4917,-1.2525,1.9303,0.0772,-0.9684,2.2263,-0.4198,-0.7889,3.1497,-0.9608,-1.4119,2.6774,0.1293,-0.9171,2.9869,0.8482
,-1.7535,2.5657,0.7824,-1.1565,2.867,-0.0688,-1.7023,3.0999,-0.4051,-1.5587,2.7024,-0.4051,-2.363,2.7037,0.1347,-1.3788,2.8343,1.2838,-2.2873,2.7785,0.7825,-1.5587,2.7024,-0.4051,-1.4419,3.2719,-1.0506,-2.6287,3.0611,0.1347,-1.6475,3.19,1.348,-2.5702,3.164,0.7273,-1.0412,3.5315,-1.255,-1.7023,3.0999,-0.4051,-1.9189,3.6092,1.3456,-2.5702,3.164,0.7273,-2.1082,4.1996,-0.4051
,-1.2476,3.846,-1.255,-1.6348,3.6153,-0.9036,-2.6786,3.9635,0.6905,-2.5702,3.164,0.7273,-1.3142,3.9491,-0.8505,-1.4434,3.8581,-0.6462,-2.1854,4.6469,0.8381,-2.6786,3.9635,0.6905,-2.2331,4.5704,-0.0926,-2.6786,3.9635,0.6905,-2.7404,3.8204,0.0979,-1.7503,4.6103,-0.6109,-1.8901,4.8258,-0.3719,-2.5283,4.4151,0.4699,-1.9991,4.9917,-0.0926,-2.0198,5.0233,0.6542,-2.0332,5.0437,0.1898
,-1.4119,2.6774,0.1293,-1.1357,2.1346,0.4917,-1.7221,1.6904,0.0772,-1.3708,2.753,0.4407,-1.8892,1.8994,0.6225,-1.732,1.7077,0.4918,-1.2778,2.4047,-0.053,-2.3012,1.6151,0.3947,-1.9524,2.0738,0.1293,-1.7221,1.6904,0.0772,-2.186,1.5759,0.1604,-1.732,1.7077,0.4918,-1.671,1.6304,0.2933,-1.9439,2.1594,0.4407,-2.0633,1.5229,0.357,-2.0546,1.5345,0.2583,-2.186,1.5759,0.1604
,-2.2122,1.6722,0.2057,-2.7404,3.8204,0.0979,-2.6786,3.9635,0.6905,-2.8229,4.6826,0.4571,-3.133,3.8492,0.3687,-2.8229,4.6826,0.4571,-3.133,3.8492,0.3687,-3.3349,4.2895,0.31,-3.1656,4.5553,0.4535,-3.2509,4.4521,0.416,-2.8229,4.6826,0.4571,-3.3349,4.2895,0.31,-3.3673,4.2277,0.329,0.1524,0.7129,0.4733,0.1449,0.7861,0.1507,0.5179,0.966,-0.0382,1.0204,0.9251,0.1506
,-0.0052,0.9936,0.1317,0.883,0.2647,0.4549,0.7001,0.2157,0.607,0.7001,0.2157,0.607,0.883,0.2647,0.1874,0.4581,0.1509,0.1691,0.9916,1.7334,0.1506,-0.0296,0.9206,0.4517,0.5281,1.1814,-0.2728,0.9719,1.6563,0.4916,0.9916,1.7334,0.1506,0.5281,1.1814,-0.2728,-0.1748,0.98,-0.1941,-0.1677,0.9674,0.0657,-0.1671,1.1743,1.2729,0.4409,1.0811,0.9207,-0.1602,1.8794,1.5999
,0.9446,2.2453,0.4916,0.9578,2.2932,0.1323,0.9578,2.2932,0.1323,0.6698,2.1102,-0.5118,0.2434,2.8856,-0.4199,0.3563,3.018,0.4917,-0.4207,2.6562,1.318,0.3563,3.018,0.4917,0.2434,2.8856,-0.4199,-0.3835,3.3749,-0.0689,-0.7484,3.0881,1.011,0.3563,3.018,0.4917,0.1738,2.7469,1.1229,0.6222,2.9911,0.0771,-0.1081,3.534,0.1292,-0.7889,3.1497,-0.9608,0.1301,3.8032,0.7823
,-0.8377,3.2286,1.5545,0.1301,3.8032,0.7823,0.2284,3.8438,0.1346,-0.0728,3.6787,-0.4052,-0.3806,3.9683,-0.4052,0.2453,4.4174,0.1346,-1.1092,3.6373,1.7333,0.1467,4.3777,0.7823,0.2453,4.4174,0.1346,-0.5866,4.3319,-0.3684,0.0228,4.8031,0.1346,-1.4623,4.1748,1.6351,-0.0949,4.7903,0.7272,-0.8805,4.1109,-0.9036,0.0228,4.8031,0.1346,-1.7411,4.5967,1.3046,-1.3572,4.8283,1.1322
,-1.2288,4.7774,-0.4052,-1.1793,4.0316,-0.6462,-1.2288,4.7774,-0.4052,-0.0949,4.7903,0.7272,-0.7856,5.2072,0.6904,-1.594,4.375,-0.7565,-1.7479,4.6119,-0.6109,-1.6087,5.0259,0.838,-1.6087,5.0259,0.838,-1.5195,5.0392,-0.0927,-0.7856,5.2072,0.6904,-1.2598,5.2485,0.4698,-1.5195,5.0392,-0.0927,-1.9991,4.9917,-0.0926,-2.0198,5.0233,0.6542,-1.9991,4.9917,-0.0926,-2.0198,5.0233,0.6542
,-2.0332,5.0437,0.1898,0.8361,3.6321,0.0654,0.3563,3.018,0.4917,0.909,3.4428,0.4916,0.6605,3.7904,0.1292,0.7955,3.6633,0.6224,0.909,3.4428,0.4916,0.921,3.4269,0.0771,1.22,3.9285,0.3945,1.2103,3.8073,0.1602,1.2102,3.6736,0.3569,1.2103,3.8073,0.1602,1.22,3.9285,0.3945,1.2139,3.7722,0.411,1.1323,3.8695,0.2055,1.2102,3.6736,0.3569,1.22,3.9285,0.3945
,1.0997,3.9353,0.3087,1.1323,3.8695,0.2055,-1.2451,5.5483,0.3449,-0.5003,5.5789,0.3686,-1.3883,5.6251,0.4571,-0.5003,5.5789,0.3686,-1.3883,5.6251,0.4571,-0.8243,5.939,0.3099,-0.8243,5.939,0.3099,-1.1355,5.8891,0.4534,-1.0069,5.9264,0.4159,-1.0069,5.9264,0.4159,-0.7547,5.9442,0.3289,-0.8243,5.939,0.3099]
,"normals":[0.524,-0.159,0.837,0.519,-0.163,0.839,0.512,-0.167,0.843,0.976,-0.208,-0.07,0.973,-0.229,-0.027,0.97,-0.241,0,0.39,-0.115,-0.914,0.373,-0.105,-0.922,0.359,-0.096,-0.928,-0.347,-0.191,-0.918,-0.439,-0.161,-0.884,-0.516,-0.133,-0.846,0.9,-0.391,-0.194,0.894,-0.409,-0.182,0.912,-0.339,-0.23,-0.881,-0.473,-0.021,-0.887,-0.46,-0.05
,-0.876,-0.483,0,-0.516,-0.195,0.834,-0.443,-0.234,0.865,-0.621,-0.133,0.773,0,-1,0,0,-1,0,0,-1,0,-0.986,-0.166,0.009,-0.984,-0.175,0.029,-0.987,-0.162,-0.001,0.601,-0.324,0.731,0.547,-0.4,0.735,0.64,-0.261,0.723,0.429,-0.522,-0.737,0.407,-0.341,-0.848,0.434,-0.597,-0.675,-0.529,-0.222,0.819
,-0.496,-0.272,0.825,-0.311,-0.496,0.811,-0.513,-0.33,-0.792,-0.426,-0.427,-0.797,-0.659,-0.12,-0.742,0.26,-0.919,0.295,0.474,-0.88,-0.022,0.462,-0.884,0.071,-0.466,-0.291,0.835,-0.465,-0.289,0.837,-0.506,-0.359,0.784,-0.705,-0.044,0.707,-0.687,-0.093,0.72,-0.638,-0.205,0.743,-0.798,-0.079,-0.597,-0.778,-0.128,-0.614,-0.854,0.136,-0.503
,-0.986,0.151,0.067,-0.985,0.162,0.052,-0.987,0.133,0.092,-0.102,-0.438,-0.893,-0.153,-0.476,-0.866,0.098,-0.269,-0.958,-0.487,-0.014,-0.873,-0.449,0.094,-0.889,-0.398,0.217,-0.891,-0.732,0.676,-0.08,-0.647,0.761,-0.05,-0.77,0.631,-0.094,-0.569,0.056,0.821,-0.572,0.047,0.819,-0.542,0.12,0.832,-0.84,0.156,0.52,-0.724,0.348,0.596
,-0.892,0.021,0.451,-0.879,0.194,-0.436,-0.708,0.561,-0.428,-0.625,0.664,-0.41,-0.664,0.081,-0.743,-0.664,0.081,-0.743,-0.759,0.127,-0.638,-0.621,0.158,0.768,-0.652,0.091,0.753,-0.691,-0.01,0.723,-0.756,-0.08,0.65,-0.708,0.185,0.682,-0.696,0.171,0.697,-0.693,0.158,-0.704,-0.674,0.152,-0.723,-0.746,0.036,-0.665,0.337,-0.918,-0.21
,0.361,-0.928,-0.097,0.377,-0.926,0.002,0.445,-0.891,0.094,0.446,-0.89,0.091,0.471,-0.881,0.045,0.443,-0.871,0.212,0.451,-0.859,0.242,0.463,-0.837,0.292,0.448,-0.89,0.09,0.44,-0.893,0.09,0.39,-0.916,0.092,0.446,-0.88,-0.164,0.446,-0.88,-0.164,0.4,-0.904,-0.152,-0.028,-0.686,-0.727,-0.006,-0.613,-0.79,-0.188,-0.675,-0.714
,-0.366,-0.919,0.149,-0.366,-0.919,0.148,-0.366,-0.919,0.148,-0.204,-0.443,0.873,-0.211,-0.396,0.894,-0.195,-0.495,0.847,-0.331,-0.602,0.727,-0.418,-0.57,0.707,-0.527,-0.52,0.672,-0.415,-0.554,-0.722,-0.602,-0.456,-0.656,-0.244,-0.614,-0.75,-0.752,-0.405,-0.52,-0.807,-0.353,-0.474,-0.687,-0.457,-0.565,-0.797,-0.579,0.171,-0.8,-0.576,0.167
,-0.807,-0.569,0.16,-0.421,-0.169,0.891,-0.417,-0.2,0.886,-0.426,-0.116,0.897,-0.535,-0.299,0.79,-0.516,-0.312,0.798,-0.503,-0.321,0.803,-0.545,-0.111,-0.831,-0.478,-0.147,-0.866,-0.656,-0.046,-0.753,-0.457,-0.317,-0.831,-0.483,-0.297,-0.824,-0.442,-0.328,-0.835,-0.587,0.146,0.796,-0.584,0.158,0.796,-0.556,0.255,0.791,-0.651,0.007,0.759
,-0.654,-0.005,0.756,-0.634,0.065,0.77,-0.555,-0.138,-0.821,-0.554,-0.134,-0.822,-0.55,-0.121,-0.827,-0.685,0.693,-0.223,-0.685,0.694,-0.221,-0.704,0.697,-0.134,-0.592,0.202,-0.78,-0.661,0.366,-0.656,-0.393,-0.123,-0.911,-0.983,-0.134,0.124,-0.981,-0.138,0.136,-0.983,-0.132,0.131,-0.331,-0.009,-0.944,-0.72,-0.339,-0.606,-0.72,-0.339,-0.606
,-0.523,-0.147,-0.839,-0.529,-0.13,-0.839,-0.586,0.108,-0.803,-0.637,0.413,0.651,-0.637,0.413,0.651,-0.612,0.409,0.677,-0.753,0.393,0.528,-0.735,0.433,0.522,-0.785,0.306,0.539,-0.747,0.327,-0.579,-0.738,0.346,-0.579,-0.706,0.408,-0.579,-0.934,0.358,-0.011,-0.93,0.356,-0.096,-0.937,0.338,-0.091,-0.714,0.283,-0.64,-0.71,0.281,-0.646
,-0.724,0.285,-0.628,-0.753,0.394,-0.527,-0.758,0.4,-0.516,-0.776,0.431,-0.461,-0.77,0.565,0.295,-0.819,0.524,0.234,-0.88,0.455,0.138,-0.787,0.525,-0.324,-0.827,0.501,-0.256,-0.763,0.537,-0.361,-0.71,0.499,0.497,-0.711,0.5,0.495,-0.67,0.462,0.581,-0.792,0.6,-0.113,-0.808,0.587,-0.05,-0.786,0.603,-0.134,-0.393,0.328,-0.859
,-0.346,0.2,-0.917,-0.328,0.155,-0.932,0.575,-0.804,0.153,0.627,-0.764,0.154,0.627,-0.695,0.352,-0.722,0.686,-0.093,-0.732,0.667,-0.142,-0.735,0.658,-0.161,-0.392,0.393,0.832,-0.404,0.443,0.8,-0.387,0.373,0.843,0.254,-0.302,0.919,0.266,-0.353,0.897,0.249,-0.282,0.927,0.047,-0.226,-0.973,0.036,-0.136,-0.99,0.025,-0.049,-0.998
,-0.694,0.359,0.624,-0.679,0.522,0.516,-0.694,0.309,0.65,-0.44,0.13,-0.888,-0.474,0.224,-0.851,-0.486,0.26,-0.834,0.257,-0.925,-0.281,0.253,-0.956,-0.152,0.249,-0.964,-0.092,-0.162,-0.446,-0.88,0.165,-0.581,-0.797,-0.308,-0.364,-0.879,-0.02,-0.516,0.857,-0.178,-0.414,0.892,-0.243,-0.367,0.898,0.278,-0.839,0.467,0.164,-0.756,0.633
,0.123,-0.719,0.684,-0.782,0.586,-0.212,-0.774,0.463,-0.433,-0.746,0.378,-0.548,-0.664,-0.641,-0.384,-0.128,-0.569,-0.812,-0.55,-0.79,-0.27,0.244,-0.314,0.917,0.23,-0.293,0.928,0.262,-0.341,0.903,0.294,0.738,-0.608,0.38,0.743,-0.551,-0.021,0.661,-0.75,-0.053,-0.265,-0.963,0.107,-0.403,-0.909,0.212,-0.485,-0.849,0.351,0.926,0.136
,0.146,0.869,0.473,0.509,0.823,-0.252,0.427,0.877,-0.22,0.492,0.703,-0.513,0.357,0.934,-0.014,0.442,0.338,0.831,0.378,0.182,0.908,0.343,0.106,0.933,0.065,-0.322,0.944,0.079,-0.319,0.944,0.15,-0.3,0.942,-0.155,0.587,-0.794,-0.235,0.702,-0.672,-0.134,0.557,-0.82,0.452,0.164,-0.877,0.45,0.144,-0.881,0.456,0.191,-0.869
,0.169,-0.139,-0.976,0.24,-0.087,-0.967,0.38,0.022,-0.925,0.543,-0.636,0.548,0.509,-0.633,0.583,0.51,-0.635,0.581,-0.461,-0.291,0.838,-0.469,-0.288,0.835,-0.451,-0.294,0.843,-0.884,-0.468,-0.023,-0.89,-0.451,-0.061,-0.878,-0.478,0,-0.334,-0.198,-0.922,-0.348,-0.212,-0.913,-0.322,-0.186,-0.928,0.466,-0.042,-0.884,0.385,-0.095,-0.918
,0.533,0.005,-0.846,-0.767,-0.62,-0.167,-0.76,-0.631,-0.158,-0.738,-0.661,-0.133,0.973,-0.229,-0.021,0.975,-0.215,-0.05,0.976,-0.207,-0.066,0.549,-0.055,0.834,0.489,-0.112,0.865,0.431,-0.162,0.888,0.259,-0.966,0,0.259,-0.966,0,0.259,-0.966,0,0.998,0.044,0.048,0.998,0.061,0.011,0.998,0.069,-0.007,-0.506,-0.477,0.719
,-0.427,-0.544,0.723,-0.347,-0.602,0.719,-0.269,-0.634,-0.725,-0.298,-0.447,-0.843,-0.309,-0.306,-0.901,0.543,-0.154,0.825,0.565,-0.088,0.82,0.427,-0.412,0.805,0.575,-0.204,-0.792,0.508,-0.335,-0.793,0.189,-0.727,-0.66,-0.229,-0.969,0.089,0.167,-0.983,-0.08,-0.226,-0.974,-0.014,0.513,-0.293,0.806,0.515,-0.296,0.804,0.461,-0.229,0.857
,0.78,-0.117,0.615,0.79,-0.08,0.608,0.745,-0.218,0.63,0.863,-0.125,-0.49,0.86,-0.132,-0.493,0.802,-0.261,-0.538,0.997,0.056,0.053,0.997,0.051,0.06,0.997,0.046,0.068,0.246,-0.482,-0.841,0.309,-0.428,-0.849,0.083,-0.601,-0.795,0.402,0.242,-0.883,0.397,0.223,-0.89,0.368,0.118,-0.922,0.849,0.484,0.211,0.769,0.531,0.357
,0.895,0.437,0.091,0.448,0.292,0.845,0.404,0.316,0.858,0.575,0.213,0.79,0.723,0.435,0.537,0.722,0.394,0.569,0.71,0.278,0.647,0.734,0.404,-0.545,0.753,0.393,-0.527,0.812,0.354,-0.464,0.209,0.654,-0.727,0.209,0.664,-0.718,0.205,0.579,-0.789,0.155,0.671,0.725,0.19,0.673,0.715,0.137,0.67,0.73,0.128,0.69,0.712
,0.111,0.723,0.682,0.327,0.679,0.658,0.251,0.685,-0.684,0.126,0.68,-0.722,0.397,0.675,-0.621,0.708,-0.699,-0.097,0.709,-0.673,-0.21,0.7,-0.714,0.002,0.641,-0.762,0.094,0.64,-0.763,0.091,0.667,-0.727,0.165,0.624,-0.752,0.212,0.609,-0.755,0.242,0.66,-0.74,0.127,0.645,-0.758,0.09,0.639,-0.764,0.09,0.686,-0.721,0.092
,0.631,-0.758,-0.164,0.631,-0.758,-0.164,0.584,-0.792,-0.176,0.694,-0.096,-0.714,0.565,-0.238,-0.79,0.64,-0.246,-0.727,0.988,-0.029,0.148,0.988,-0.029,0.148,0.989,-0.029,0.148,0.488,0.011,0.873,0.448,0.037,0.893,0.392,0.07,0.917,0.689,0.158,0.707,0.684,0.065,0.727,0.686,0.278,0.672,0.673,0.161,-0.722,0.657,0.371,-0.656
,0.586,0.623,-0.518,0.67,0.53,-0.52,0.644,0.6,-0.474,0.613,0.666,-0.424,0.846,0.506,0.167,0.848,0.501,0.171,0.842,0.515,0.16,0.322,0.319,0.891,0.35,0.304,0.886,0.401,0.273,0.874,0.491,0.35,0.798,0.486,0.372,0.79,0.494,0.334,0.802,0.318,0.456,-0.831,0.324,0.38,-0.866,0.329,0.216,-0.919,0.472,0.293,-0.831
,0.465,0.325,-0.824,0.46,0.343,-0.819,0.099,0.597,0.796,0.087,0.599,0.796,0.166,0.585,0.794,0.253,0.6,0.759,0.264,0.599,0.756,0.316,0.59,0.743,0.343,0.455,-0.822,0.347,0.454,-0.821,0.329,0.457,-0.827,-0.365,0.904,-0.223,-0.364,0.904,-0.221,-0.365,0.886,-0.285,0.05,0.624,-0.78,-0.073,0.751,-0.656,-0.383,0.909,-0.165
,0.511,0.849,0.131,0.516,0.846,0.136,0.514,0.849,0.124,0.597,0.526,-0.606,0.581,-0.812,-0.056,0,-0.927,0.374,0.342,0.422,-0.839,0.329,0.433,-0.839,0.469,0.3,-0.831,-0.126,0.748,0.651,-0.126,0.749,0.651,-0.132,0.724,0.677,-0.061,0.847,0.528,-0.105,0.847,0.522,-0.164,0.844,0.511,-0.024,0.815,-0.579,-0.003,0.815,-0.579
,-0.095,0.81,-0.579,0.042,0.994,-0.096,0.009,1,0.002,0.042,0.999,-0.011,0.024,0.768,-0.64,0.023,0.763,-0.646,0.022,0.751,-0.659,-0.062,0.848,-0.527,-0.067,0.854,-0.516,-0.046,0.822,-0.567,-0.213,0.931,0.295,-0.156,0.96,0.234,-0.24,0.915,0.325,-0.132,0.958,-0.256,-0.17,0.931,-0.324,-0.19,0.913,-0.361,-0.177,0.851,0.495
,-0.176,0.849,0.497,-0.157,0.798,0.581,-0.218,0.975,-0.05,-0.236,0.965,-0.113,-0.241,0.961,-0.134,-0.141,0.479,-0.866,-0.048,0.395,-0.918,-0.167,0.502,-0.849,0.692,-0.705,0.157,0.786,-0.539,-0.303,0.633,-0.73,0.257,-0.343,0.935,-0.093,-0.321,0.936,-0.142,-0.351,0.934,-0.073,-0.246,0.547,0.8,-0.205,0.515,0.832,-0.189,0.503,0.843
,0.235,-0.344,0.909,0.166,-0.303,0.938,0.133,-0.283,0.95,0.174,-0.076,-0.982,0.131,-0.062,-0.989,0.199,-0.084,-0.976,-0.21,0.83,0.516,-0.053,0.78,0.624,-0.008,0.759,0.65,0.055,0.456,-0.888,-0.017,0.524,-0.851,0.071,0.44,-0.895,0.747,-0.603,-0.281,0.777,-0.611,-0.152,0.737,-0.599,-0.314,0.467,-0.382,-0.797,0.474,-0.028,-0.88
,0.456,0.138,-0.879,0.481,-0.186,0.857,0.451,-0.001,0.892,0.487,-0.246,0.838,0.66,-0.589,0.467,0.629,-0.451,0.633,0.663,-0.617,0.425,-0.227,0.951,-0.212,-0.118,0.894,-0.433,-0.255,0.956,-0.147,0.889,0.455,0.051,0.995,-0.083,-0.061,0.944,0.191,-0.27,0.192,-0.349,0.917,0.178,-0.327,0.928,0.162,-0.303,0.939,-0.794,0.023,-0.608
,-0.833,-0.054,-0.55,-0.895,-0.38,-0.235,0.327,-0.258,-0.909,0.264,-0.057,-0.963,0.361,-0.387,-0.849,-0.856,0.211,0.473,-0.99,0.046,0.136,-0.957,-0.141,-0.252,-0.841,-0.173,-0.513,-0.974,-0.044,-0.22,-0.999,0.043,-0.014,-0.486,-0.272,0.831,-0.317,-0.275,0.908,-0.515,-0.27,0.814,0.261,-0.199,0.944,0.27,-0.188,0.944,0.216,-0.256,0.942
,-0.551,0.494,-0.672,-0.478,0.375,-0.794,-0.458,0.344,-0.82,-0.311,-0.356,-0.881,-0.33,-0.35,-0.877,-0.356,-0.343,-0.869,0.061,-0.21,-0.976,-0.015,-0.255,-0.967,0.149,-0.156,-0.976,0.38,-0.72,0.581,0.379,-0.719,0.583,0.368,-0.751,0.548,0.529,-0.156,0.834,0.976,-0.198,-0.091,0.398,-0.121,-0.909,-0.297,-0.207,-0.932,0.877,-0.457,-0.146
,-0.889,-0.452,-0.066,-0.374,-0.268,0.888,0,-1,0,0,-1,0,0,-1,0,-0.983,-0.179,0.038,0.491,-0.471,0.733,0.379,-0.204,-0.903,-0.601,-0.099,0.793,-0.006,-0.737,-0.676,0.009,-0.996,-0.084,-0.017,-0.995,-0.096,0.095,-0.992,-0.084,0.194,-0.931,0.308,0.085,-0.996,-0.042,-0.419,-0.217,0.882,-0.747,0.101,0.657
,-0.705,-0.274,-0.654,-0.983,0.181,0.025,-0.29,-0.571,-0.768,-0.517,-0.116,-0.848,-0.528,0.849,-0.012,-0.597,-0.022,0.802,-0.599,0.49,0.633,-0.893,0.134,-0.431,-0.563,0.036,-0.826,-0.6,0.2,0.775,-0.748,-0.087,0.658,-0.72,-0.53,0.448,-0.795,-0.2,-0.573,-0.773,-0.04,-0.633,0.317,-0.904,-0.288,0.403,-0.9,0.165,0.417,-0.9,0.127
,0.5,-0.862,0.088,0.495,-0.851,-0.176,-0.851,-0.308,-0.425,-0.583,-0.554,-0.594,-0.366,-0.919,0.149,-0.22,-0.332,0.917,-0.25,-0.626,0.738,-0.805,-0.291,-0.518,-0.855,-0.298,-0.424,-0.789,-0.587,0.18,-0.41,-0.26,0.874,-0.548,-0.289,0.785,-0.329,-0.216,-0.919,-0.498,-0.286,-0.819,-0.602,0.08,0.794,-0.667,-0.056,0.743,-0.558,-0.151,-0.816
,-0.668,0.687,-0.285,-0.682,0.712,-0.165,-0.983,-0.127,0.133,-0.984,-0.132,0.123,0,0.215,-0.976,-0.461,-0.312,-0.831,-0.664,0.416,0.622,-0.709,0.486,0.511,-0.793,0.214,-0.571,-0.946,0.325,0.02,-0.921,0.389,0.002,-0.698,0.278,-0.659,-0.736,0.369,-0.567,-0.744,0.584,0.325,-0.858,0.476,-0.191,-0.739,0.529,0.417,-0.812,0.582,-0.029
,-0.405,0.362,-0.84,0.567,-0.791,0.23,0.429,-0.839,-0.334,-0.717,0.693,-0.073,-0.409,0.464,0.786,0.272,-0.38,0.884,0.052,-0.262,-0.964,-0.662,0.592,0.459,-0.432,0.109,-0.895,0.257,-0.914,-0.314,0.333,-0.621,-0.709,0.032,-0.545,0.838,0.303,-0.853,0.425,-0.776,0.613,-0.147,-0.431,-0.891,-0.143,-0.319,-0.946,-0.061,-0.77,-0.635,0.051
,-0.907,-0.421,0.018,0.214,-0.269,0.939,0.704,0.67,-0.235,-0.132,-0.192,-0.973,-0.11,0.641,0.76,0.503,0.521,-0.69,0.452,0.365,0.814,-0.024,-0.344,0.939,-0.272,0.75,-0.603,0.445,0.113,-0.888,0.084,-0.199,-0.976,0.866,-0.495,0.074,0.886,-0.463,0.008,-0.476,-0.286,0.832,-0.893,-0.443,-0.08,-0.354,-0.22,-0.909,0.34,-0.123,-0.932
,-0.786,-0.587,-0.194,0.971,-0.24,0,0.634,0.032,0.773,0.259,-0.966,0,0.259,-0.966,0,0.259,-0.966,0,0.997,0.036,0.065,-0.564,-0.421,0.71,-0.252,-0.707,-0.66,0.6,0.042,0.799,0.659,0.023,-0.752,0.264,-0.96,-0.097,0.241,-0.967,-0.085,0.177,-0.983,-0.045,-0.03,-0.956,0.291,0.027,-0.954,0.299,0.56,-0.353,0.75
,0.815,0.038,0.578,0.908,0.041,-0.418,0.997,0.062,0.045,0.45,-0.286,-0.846,0.423,0.332,-0.843,0.72,0.548,0.426,0.23,0.399,0.887,0.714,0.544,0.44,0.667,0.438,-0.602,0.21,0.733,-0.646,0.231,0.674,0.702,0.724,0.532,0.438,0.409,0.648,0.643,0.533,0.649,-0.544,0.126,0.68,-0.722,0.703,-0.65,-0.288,0.621,-0.782,0.045
,0.584,-0.757,0.292,0.592,-0.801,0.088,0.671,-0.726,-0.152,0.74,0.315,-0.594,0.62,0.659,-0.425,0.988,-0.029,0.149,0.532,-0.017,0.847,0.674,-0.019,0.738,0.661,-0.02,-0.75,0.692,0.449,-0.565,0.852,0.492,0.18,0.275,0.345,0.897,0.483,0.388,0.785,0.303,0.584,-0.753,0.477,0.275,-0.835,-0.013,0.611,0.791,0.193,0.608,0.77
,0.361,0.452,-0.816,-0.361,0.923,-0.134,0.269,0.312,-0.911,0.511,0.85,0.123,0.507,0.852,0.133,0.597,0.526,-0.606,0.133,0.58,-0.803,-0.119,0.774,0.621,0.031,0.842,0.539,0.118,0.812,-0.571,0.077,0.997,0.02,0.062,0.994,-0.091,0.025,0.778,-0.628,-0.087,0.883,-0.461,-0.068,0.988,0.138,-0.097,0.977,-0.191,-0.192,0.889,0.417
,-0.212,0.977,-0.029,-0.013,0.361,-0.932,0.547,-0.73,0.41,0.547,-0.712,0.44,-0.312,0.936,-0.161,-0.263,0.559,0.786,0.288,-0.374,0.881,0.052,-0.035,-0.998,-0.28,0.843,0.459,-0.046,0.55,-0.834,0.786,-0.612,-0.092,0.438,-0.552,-0.709,0.433,0.078,0.898,0.611,-0.398,0.684,-0.051,0.835,-0.548,0.989,0.042,-0.143,0.573,-0.108,-0.812
