{"producer":{"name":"Blender","version":"2.79 (sub 0)","exporter_version":"5.6.4","file":"panda.babylon"},
"autoClear":true,"clearColor":[0.0509,0.0509,0.0509],"ambientColor":[0,0,0],"gravity":[0,-9.81,0],
"materials":[{"name":"panda.Cylinder","id":"panda.Cylinder","ambient":[0,0,0],"diffuse":[0.8,0.8,0.8],"specular":[1,1,1],"emissive":[0,0,0],"specularPower":64,"alpha":1,"backFaceCulling":true,"checkReadyOnlyOnce":false,"maxSimultaneousLights":4}],
"multiMaterials":[],
"skeletons":[{"name":"Armature","id":0,"dimensionsAtRest":[3.8676,5.3991,0],"bones":[
{"name":"Lower Spine","index":0,"matrix":[1,0,0,0,0,-1,0,0,0,0,1,0,-0.2012,1.6964,0.3784,1],"rest":[1,0,0,0,0,-1,0,0,0,0,1,0,-0.2012,1.6964,0.3784,1],"parentBoneIndex":-1,"length":0.5975
,"animation":{"dataType":3,"framePerSecond":24,"keys":[
{"frame":0,"values":[1,0,0,0,0,-1,0,0,0,0,1,0,-0.2012,1.6964,0.3784,1]},
{"frame":1,"values":[1,0,0,0,0,-1,0,0,0,0,1,0,-0.1353,1.9272,0.3784,1]},
{"frame":2,"values":[1,0,0,0,0,-1,0,0,0,0,1,0,-0.1353,1.7788,0.3784,1]},
{"frame":3,"values":[1,0,0,0,0,-1,0,0,0,0,1,0,-0.1353,1.5036,0.3784,1]},
{"frame":4,"values":[1,0,0,0,0,-1,0,0,0,0,1,0,-0.2012,1.6964,0.3784,1]},
{"frame":5,"values":[1,0,0,0,0,-1,0,0,0,0,1,0,-0.2012,1.342,0.3784,1]},
{"frame":6,"values":[1,0,0,0,0,-1,0,0,0,0,1,0,-0.1704,1.9437,0.3863,1]},
{"frame":7,"values":[1,0,0,0,0,-1,0,0,0,0,1,0,-0.197,1.4409,0.3943,1]},
{"frame":8,"values":[1,0,0,0,0,-1,0,0,0,0,1,0,-0.2012,1.6964,0.3784,1]},
{"frame":9,"values":[1,0,0,0,0,-1,0,0,0,0,1,0,-0.2012,1.6635,0.3784,1]},
{"frame":10,"values":[1,0,0,0,0,-1,0,0,0,0,1,0,-0.2012,1.4409,0.3784,1]},
{"frame":11,"values":[1,0,0,0,0,-1,0,0,0,0,1,0,-0.2012,1.6964,0.3784,1]},
{"frame":12,"values":[1,0,0,0,0,-1,0,0,0,0,1,0,-0.2012,1.6964,0.2383,1]},
{"frame":13,"values":[1,0,0,0,0,-1,0,0,0,0,1,0,-0.2012,1.6964,0.3784,1]},
{"frame":19,"values":[1,0,0,0,0,-1,0,0,0,0,1,0,-0.2012,1.7696,0.3784,1]},
{"frame":20,"values":[1,0,0,0,0,-1,0,0,0,0,1,0,-0.2012,1.6964,0.3784,1]}],"loopBehavior":1,"name":"anim","property":"_matrix"}},
{"name":"Hip R","index":1,"matrix":[-0.0003,-0.0017,1,0,-0.9819,0.1896,0,0,-0.1896,-0.9819,-0.0017,0,0,0.5975,0,1],"rest":[-0.0003,-0.0017,1,0,-0.9819,0.1896,0,0,-0.1896,-0.9819,-0.0017,0,0,0.5975,0,1],"parentBoneIndex":0,"length":0.6836
,"animation":{"dataType":3,"framePerSecond":24,"keys":[
{"frame":0,"values":[-0.0003,-0.0017,1,0,-0.9819,0.1896,0,0,-0.1896,-0.9819,-0.0017,0,0,0.5975,0,1]},
{"frame":1,"values":[-0.0001,-0.0017,1,0,-0.9985,0.0544,0,0,-0.0544,-0.9985,-0.0017,0,0,0.5975,0,1]},
{"frame":2,"values":[-0.0024,0.0302,0.9995,0,-0.9554,0.2953,-0.0112,0,-0.2955,-0.9549,0.0282,0,0,0.5975,0,1]},
{"frame":4,"values":[0.2607,-0.4349,0.8619,0,-0.887,0.2445,0.3916,0,-0.3811,-0.8667,-0.322,0,0,0.5975,0,1]},
{"frame":5,"values":[-0.0003,-0.0017,1,0,-0.9819,0.1896,0,0,-0.1896,-0.9819,-0.0017,0,0,0.5975,0,1]},
{"frame":6,"values":[0.0071,-0.2493,0.9684,0,-0.6693,0.7183,0.1899,0,-0.7429,-0.6495,-0.1618,0,0,0.5975,0,1]},
{"frame":7,"values":[-0.0003,-0.0017,1,0,-0.9819,0.1896,0,0,-0.1896,-0.9819,-0.0017,0,0,0.5975,0,1]},
{"frame":12,"values":[0.1691,-0.3863,0.9068,0,-0.9518,0.175,0.252,0,-0.2561,-0.9056,-0.338,0,0,0.5975,0,1]},
{"frame":13,"values":[-0.0003,-0.0017,1,0,-0.9819,0.1896,0,0,-0.1896,-0.9819,-0.0017,0,0,0.5975,0,1]},
{"frame":14,"values":[-0.2068,-0.0465,0.9773,0,-0.9562,0.2213,-0.1918,0,-0.2073,-0.9741,-0.0903,0,0,0.5975,0,1]},
{"frame":15,"values":[-0.0003,-0.0017,1,0,-0.9819,0.1896,0,0,-0.1896,-0.9819,-0.0017,0,0,0.5975,0,1]},
{"frame":19,"values":[-0.0001,-0.0017,1,0,-0.9971,0.0756,0,0,-0.0756,-0.9971,-0.0017,0,0,0.5975,0,1]},
{"frame":20,"values":[-0.0003,-0.0017,1,0,-0.9819,0.1896,0,0,-0.1896,-0.9819,-0.0017,0,0,0.5975,0,1]}],"loopBehavior":1,"name":"anim","property":"_matrix"}},
{"name":"Thigh R","index":2,"matrix":[-0.9999,0.0119,0.0028,0,-0.0017,0.0901,-0.9959,0,-0.0121,-0.9959,-0.0901,0,0,0.6836,0,1],"rest":[-0.9999,0.0119,0.0028,0,-0.0017,0.0901,-0.9959,0,-0.0121,-0.9959,-0.0901,0,0,0.6836,0,1],"parentBoneIndex":1,"length":0.5099
,"animation":{"dataType":3,"framePerSecond":24,"keys":[
{"frame":0,"values":[-0.9999,0.0119,0.0028,0,-0.0017,0.0901,-0.9959,0,-0.0121,-0.9959,-0.0901,0,0,0.6836,0,1]},
{"frame":1,"values":[-0.9209,-0.1365,0.3652,0,-0.2339,0.9429,-0.2372,0,-0.3119,-0.3038,-0.9002,0,0,0.6836,0,1]},
{"frame":2,"values":[-0.9208,0.0134,0.3897,0,-0.2345,0.7796,-0.5807,0,-0.3116,-0.6261,-0.7148,0,0,0.6836,0,1]},
{"frame":3,"values":[-0.5213,-0.128,0.8437,0,-0.6551,0.6937,-0.2995,0,-0.5469,-0.7088,-0.4455,0,0,0.6836,0,1]},
{"frame":4,"values":[-0.9999,0.011,0.0063,0,-0.0016,0.3844,-0.9232,0,-0.0126,-0.9231,-0.3843,0,0,0.6836,0,1]},
{"frame":5,"values":[-0.2695,-0.1731,0.9473,0,-0.7725,0.6262,-0.1053,0,-0.575,-0.7602,-0.3025,0,0,0.6836,0,1]},
{"frame":6,"values":[-0.7738,0.5399,-0.3312,0,0.6333,0.665,-0.3957,0,0.0066,-0.516,-0.8566,0,0,0.6836,0,1]},
{"frame":7,"values":[-0.1907,0.1978,-0.9615,0,0.9764,-0.0627,-0.2066,0,-0.1011,-0.9782,-0.1812,0,0,0.6836,0,1]},
{"frame":8,"values":[-0.9999,0.0116,-0.0011,0,-0.0017,-0.2358,-0.9718,0,-0.0115,-0.9717,0.2358,0,0,0.6836,0,1]},
{"frame":9,"values":[-0.9979,0.0073,0.0639,0,-0.0643,-0.1495,-0.9867,0,0.0024,-0.9887,0.1496,0,0,0.6836,0,1]},
{"frame":10,"values":[-0.4652,0.1651,-0.8697,0,0.8802,-0.0182,-0.4743,0,-0.0942,-0.9861,-0.1368,0,0,0.6836,0,1]},
{"frame":11,"values":[-0.195,0.1977,-0.9607,0,0.9756,-0.0619,-0.2108,0,-0.1011,-0.9783,-0.1808,0,0,0.6836,0,1]},
{"frame":12,"values":[-0.9389,-0.0565,0.3396,0,-0.3386,-0.0262,-0.9406,0,0.0621,-0.9981,0.0054,0,0,0.6836,0,1]},
{"frame":13,"values":[-0.9999,0.0119,0.0028,0,-0.0017,0.0901,-0.9959,0,-0.0121,-0.9959,-0.0901,0,0,0.6836,0,1]},
{"frame":14,"values":[-0.5553,-0.1459,0.8188,0,-0.8281,0.0063,-0.5605,0,0.0766,-0.9893,-0.1243,0,0,0.6836,0,1]},
{"frame":15,"values":[-0.9999,0.0119,0.0028,0,-0.0017,0.0901,-0.9959,0,-0.0121,-0.9959,-0.0901,0,0,0.6836,0,1]},
{"frame":16,"values":[-0.7561,0.0711,-0.6506,0,0.6395,-0.131,-0.7575,0,-0.1391,-0.9888,0.0536,0,0,0.6836,0,1]},
{"frame":17,"values":[-0.9999,0.0119,0.0028,0,-0.0017,0.0901,-0.9959,0,-0.0121,-0.9959,-0.0901,0,0,0.6836,0,1]},
{"frame":19,"values":[-0.9999,0.0066,0.0117,0,-0.0009,0.8341,-0.5516,0,-0.0133,-0.5515,-0.834,0,0,0.6836,0,1]},
{"frame":20,"values":[-0.9999,0.0119,0.0028,0,-0.0017,0.0901,-0.9959,0,-0.0121,-0.9959,-0.0901,0,0,0.6836,0,1]}],"loopBehavior":1,"name":"anim","property":"_matrix"}},
{"name":"Lower Leg R","index":3,"matrix":[0.9999,0,0.0119,0,0.0007,0.9982,-0.0595,0,-0.0119,0.0595,0.9982,0,0,0.5099,0,1],"rest":[0.9999,0,0.0119,0,0.0007,0.9982,-0.0595,0,-0.0119,0.0595,0.9982,0,0,0.5099,0,1],"parentBoneIndex":2,"length":0.4118
,"animation":{"dataType":3,"framePerSecond":24,"keys":[
{"frame":0,"values":[0.9999,0,0.0119,0,0.0007,0.9982,-0.0595,0,-0.0119,0.0595,0.9982,0,0,0.5099,0,1]},
{"frame":1,"values":[0.7042,0.169,0.6896,0,-0.7093,0.1243,0.6938,0,0.0316,-0.9777,0.2074,0,0,0.5099,0,1]},
{"frame":2,"values":[0.6644,0.4663,0.5841,0,-0.7035,0.6539,0.2783,0,-0.2522,-0.5958,0.7625,0,0,0.5099,0,1]},
{"frame":3,"values":[0.159,0.646,0.7466,0,-0.9869,0.0818,0.1394,0,0.029,-0.7589,0.6505,0,0,0.5099,0,1]},
{"frame":4,"values":[0.7976,0.4087,0.4435,0,-0.5972,0.4327,0.6754,0,0.0842,-0.8036,0.5892,0,0,0.5099,0,1]},
{"frame":5,"values":[0.0284,0.8035,0.5946,0,-0.9959,-0.0282,0.0857,0,0.0856,-0.5946,0.7994,0,0,0.5099,0,1]},
{"frame":6,"values":[0.8356,0.5446,-0.072,0,-0.5469,0.8127,-0.2008,0,-0.0508,0.2071,0.977,0,0,0.5099,0,1]},
{"frame":7,"values":[0.698,0.7133,-0.0637,0,-0.7159,0.6972,-0.0376,0,0.0175,0.0718,0.9973,0,0,0.5099,0,1]},
{"frame":8,"values":[0.9999,0,0.0119,0,0.0047,0.9175,-0.3978,0,-0.0109,0.3978,0.9174,0,0,0.5099,0,1]},
{"frame":9,"values":[0.9962,0.0866,-0.012,0,-0.0845,0.9184,-0.3866,0,-0.0224,0.3861,0.9222,0,0,0.5099,0,1]},
{"frame":10,"values":[0.9999,0,0.0119,0,0.0007,0.9982,-0.0595,0,-0.0119,0.0595,0.9982,0,0,0.5099,0,1]},
{"frame":12,"values":[0.9977,-0.0643,0.0216,0,0.0669,0.9853,-0.1574,0,-0.0112,0.1584,0.9873,0,0,0.5099,0,1]},
{"frame":13,"values":[0.9999,0,0.0119,0,0.0007,0.9982,-0.0595,0,-0.0119,0.0595,0.9982,0,0,0.5099,0,1]},
{"frame":17,"values":[0.9999,0,0.0119,0,-0.0073,0.788,0.6156,0,-0.0094,-0.6157,0.7879,0,0,0.5099,0,1]},
{"frame":18,"values":[0.9999,0,0.0119,0,0.0007,0.9982,-0.0595,0,-0.0119,0.0595,0.9982,0,0,0.5099,0,1]},
{"frame":20,"values":[0.9999,0,0.0119,0,0.0007,0.9982,-0.0595,0,-0.0119,0.0595,0.9982,0,0,0.5099,0,1]}],"loopBehavior":1,"name":"anim","property":"_matrix"}},
{"name":"Hip L","index":4,"matrix":[0.0001,-0.0007,-1,0,0.9828,0.1845,0,0,0.1845,-0.9828,0.0007,0,0,0.5975,0,1],"rest":[0.0001,-0.0007,-1,0,0.9828,0.1845,0,0,0.1845,-0.9828,0.0007,0,0,0.5975,0,1],"parentBoneIndex":0,"length":0.7028
,"animation":{"dataType":3,"framePerSecond":24,"keys":[
{"frame":0,"values":[0.0001,-0.0007,-1,0,0.9828,0.1845,0,0,0.1845,-0.9828,0.0007,0,0,0.5975,0,1]},
{"frame":1,"values":[0.0004,-0.0006,-1,0,0.8424,0.5388,0,0,0.5388,-0.8424,0.0007,0,0,0.5975,0,1]},
{"frame":2,"values":[0.0002,-0.0007,-1,0,0.9436,0.3311,0,0,0.3311,-0.9436,0.0007,0,0,0.5975,0,1]},
{"frame":3,"values":[0.0002,-0.0007,-1,0,0.9497,0.313,0,0,0.313,-0.9497,0.0007,0,0,0.5975,0,1]},
{"frame":4,"values":[-0.2028,-0.2036,-0.9578,0,0.9583,0.1599,-0.2369,0,0.2014,-0.9659,0.1627,0,0,0.5975,0,1]},
{"frame":5,"values":[0.0001,-0.0007,-1,0,0.9828,0.1845,0,0,0.1845,-0.9828,0.0007,0,0,0.5975,0,1]},
{"frame":6,"values":[0.0006,-0.3631,-0.9317,0,0.5096,0.8018,-0.3121,0,0.8604,-0.4747,0.1855,0,0,0.5975,0,1]},
{"frame":7,"values":[0.0001,-0.0007,-1,0,0.9828,0.1845,0,0,0.1845,-0.9828,0.0007,0,0,0.5975,0,1]},
{"frame":9,"values":[-0.7982,-0.0007,-0.6024,0,0.592,0.1845,-0.7846,0,0.1117,-0.9828,-0.1468,0,0,0.5975,0,1]},
{"frame":10,"values":[0.0001,-0.0007,-1,0,0.9828,0.1845,0,0,0.1845,-0.9828,0.0007,0,0,0.5975,0,1]},
{"frame":12,"values":[-0.2044,0.2937,-0.9338,0,0.9717,0.1763,-0.1572,0,0.1185,-0.9395,-0.3214,0,0,0.5975,0,1]},
{"frame":13,"values":[0.0001,-0.0007,-1,0,0.9828,0.1845,0,0,0.1845,-0.9828,0.0007,0,0,0.5975,0,1]},
{"frame":16,"values":[-0.2197,-0.0007,-0.9756,0,0.9588,0.1845,-0.216,0,0.1801,-0.9828,-0.0399,0,0,0.5975,0,1]},
{"frame":17,"values":[0.0001,-0.0007,-1,0,0.9828,0.1845,0,0,0.1845,-0.9828,0.0007,0,0,0.5975,0,1]},
{"frame":18,"values":[-0.0003,-0.0006,-1,0,0.8978,-0.4405,0,0,-0.4405,-0.8978,0.0007,0,0,0.5975,0,1]},
{"frame":19,"values":[0,-0.0007,-1,0,0.9988,0.0487,0,0,0.0487,-0.9988,0.0007,0,0,0.5975,0,1]},
{"frame":20,"values":[0.0001,-0.0007,-1,0,0.9828,0.1845,0,0,0.1845,-0.9828,0.0007,0,0,0.5975,0,1]}],"loopBehavior":1,"name":"anim","property":"_matrix"}},
{"name":"Thigh L","index":5,"matrix":[-1,0.0042,0.0035,0,-0.0006,0.5628,-0.8266,0,-0.0055,-0.8266,-0.5628,0,0,0.7028,0,1],"rest":[-1,0.005,0.0013,0,-0.0007,0.1245,-0.9922,0,-0.0052,-0.9922,-0.1245,0,0,0.7028,0,1],"parentBoneIndex":4,"length":0.5139
,"animation":{"dataType":3,"framePerSecond":24,"keys":[
{"frame":0,"values":[-1,0.005,0.0013,0,-0.0007,0.1245,-0.9922,0,-0.0052,-0.9922,-0.1245,0,0,0.7028,0,1]},
{"frame":1,"values":[-1,0.0044,0.0032,0,-0.0006,0.4901,-0.8717,0,-0.0054,-0.8717,-0.4901,0,0,0.7028,0,1]},
{"frame":3,"values":[-1,0.0002,0.0058,0,-0.0001,0.9984,-0.0563,0,-0.0058,-0.0563,-0.9984,0,0,0.7028,0,1]},
{"frame":4,"values":[-1,0.005,0.0013,0,-0.0007,0.1245,-0.9922,0,-0.0052,-0.9922,-0.1245,0,0,0.7028,0,1]},
{"frame":5,"values":[-1,0.0008,0.0057,0,-0.0001,0.988,-0.1543,0,-0.0058,-0.1543,-0.988,0,0,0.7028,0,1]},
{"frame":6,"values":[-0.8386,0.5109,-0.1888,0,0.5408,0.7395,-0.4009,0,-0.0652,-0.4383,-0.8964,0,0,0.7028,0,1]},
{"frame":7,"values":[-0.4273,0.2462,-0.8699,0,0.9014,0.0425,-0.4308,0,-0.0691,-0.9683,-0.2401,0,0,0.7028,0,1]},
{"frame":8,"values":[-1,0.0049,-0.0005,0,-0.0007,-0.2297,-0.9733,0,-0.0049,-0.9733,0.2297,0,0,0.7028,0,1]},
{"frame":9,"values":[-0.8216,0.0885,-0.5632,0,0.5669,0.0215,-0.8235,0,-0.0608,-0.9958,-0.0678,0,0,0.7028,0,1]},
{"frame":10,"values":[-0.4297,0.1716,-0.8865,0,0.9012,0.0194,-0.4331,0,-0.0571,-0.985,-0.163,0,0,0.7028,0,1]},
{"frame":11,"values":[-1,0.0051,0.0003,0,-0.0007,-0.0724,-0.9974,0,-0.005,-0.9974,0.0724,0,0,0.7028,0,1]},
{"frame":12,"values":[-1,0.005,0.0013,0,-0.0007,0.1245,-0.9922,0,-0.0052,-0.9922,-0.1245,0,0,0.7028,0,1]},
{"frame":13,"values":[-0.9655,0.0531,-0.2548,0,0.2595,0.2755,-0.9256,0,0.0211,-0.9598,-0.2798,0,0,0.7028,0,1]},
{"frame":14,"values":[-1,0.0051,0.0006,0,-0.0007,-0.0139,-0.9999,0,-0.0051,-0.9999,0.0139,0,0,0.7028,0,1]},
{"frame":15,"values":[-1,0.0003,0.0058,0,0,0.9983,-0.0589,0,-0.0058,-0.0589,-0.9982,0,0,0.7028,0,1]},
{"frame":16,"values":[-0.9996,0.0085,-0.0272,0,0.0272,0.0001,-0.9996,0,-0.0085,-1,-0.0003,0,0,0.7028,0,1]},
{"frame":17,"values":[-1,0.005,0.0013,0,-0.0007,0.1245,-0.9922,0,-0.0052,-0.9922,-0.1245,0,0,0.7028,0,1]},
{"frame":18,"values":[-1,0.0031,0.0047,0,-0.0004,0.7983,-0.6022,0,-0.0056,-0.6022,-0.7983,0,0,0.7028,0,1]},
{"frame":19,"values":[-1,0.0013,0.0056,0,-0.0002,0.968,-0.2511,0,-0.0057,-0.2511,-0.9679,0,0,0.7028,0,1]},
{"frame":20,"values":[-1,0.0042,0.0035,0,-0.0006,0.5628,-0.8266,0,-0.0055,-0.8266,-0.5628,0,0,0.7028,0,1]}],"loopBehavior":1,"name":"anim","property":"_matrix"}},
{"name":"Lower Leg L","index":6,"matrix":[1,0,0.0051,0,0,1,-0.0053,0,-0.0051,0.0053,1,0,0,0.5139,0,1],"rest":[1,0,0.0051,0,0,1,-0.0053,0,-0.0051,0.0053,1,0,0,0.5139,0,1],"parentBoneIndex":5,"length":0.4065
,"animation":{"dataType":3,"framePerSecond":24,"keys":[
{"frame":0,"values":[1,0,0.0051,0,0,1,-0.0053,0,-0.0051,0.0053,1,0,0,0.5139,0,1]},
{"frame":2,"values":[1,0,0.0051,0,-0.0013,0.9684,0.2493,0,-0.0049,-0.2493,0.9684,0,0,0.5139,0,1]},
{"frame":3,"values":[1,0,0.0051,0,-0.0024,0.8871,0.4615,0,-0.0045,-0.4615,0.8871,0,0,0.5139,0,1]},
{"frame":4,"values":[0.9696,-0.2439,0.0187,0,0.2428,0.9688,0.0491,0,-0.0301,-0.043,0.9986,0,0,0.5139,0,1]},
{"frame":5,"values":[1,0,0.0051,0,-0.0049,0.2312,0.9729,0,-0.0012,-0.9729,0.2312,0,0,0.5139,0,1]},
{"frame":6,"values":[0.8581,-0.5095,0.0638,0,0.4965,0.855,0.1501,0,-0.131,-0.0971,0.9866,0,0,0.5139,0,1]},
{"frame":7,"values":[0.9355,-0.3525,0.0262,0,0.3526,0.9358,0.0004,0,-0.0247,0.0088,0.9997,0,0,0.5139,0,1]},
{"frame":8,"values":[1,0,0.0051,0,0.0021,0.9101,-0.4143,0,-0.0046,0.4143,0.9101,0,0,0.5139,0,1]},
{"frame":9,"values":[0.669,-0.7379,0.0892,0,0.7432,0.665,-0.073,0,-0.0055,0.1151,0.9933,0,0,0.5139,0,1]},
{"frame":10,"values":[1,0,0.0051,0,0,1,-0.0053,0,-0.0051,0.0053,1,0,0,0.5139,0,1]},
{"frame":12,"values":[0.4804,-0.8724,0.0904,0,0.876,0.4823,-0.0011,0,-0.0427,0.0797,0.9959,0,0,0.5139,0,1]},
{"frame":13,"values":[0.9537,-0.2997,-0.0253,0,0.3001,0.9425,0.1474,0,-0.0203,-0.1482,0.9888,0,0,0.5139,0,1]},
{"frame":14,"values":[1,0,0.0051,0,0,1,-0.0053,0,-0.0051,0.0053,1,0,0,0.5139,0,1]},
{"frame":16,"values":[0.9984,-0.0551,0.0154,0,0.0572,0.9662,-0.2514,0,-0.001,0.2519,0.9678,0,0,0.5139,0,1]},
{"frame":17,"values":[1,0,0.0051,0,0,1,-0.0053,0,-0.0051,0.0053,1,0,0,0.5139,0,1]},
{"frame":20,"values":[1,0,0.0051,0,0,1,-0.0053,0,-0.0051,0.0053,1,0,0,0.5139,0,1]}],"loopBehavior":1,"name":"anim","property":"_matrix"}},
{"name":"Spine","index":7,"matrix":[0.882,-0.0062,0.4713,0,0.0055,1,0.0029,0,0.4713,0,-0.882,0,-0.2012,1.6964,0.3784,1],"rest":[1,-0.0062,0,0,0.0062,1,0,0,0,0,-1,0,-0.2012,1.6964,0.3784,1],"parentBoneIndex":-1,"length":0.5232
,"animation":{"dataType":3,"framePerSecond":24,"keys":[
{"frame":0,"values":[1,-0.0062,0,0,0.0062,1,0,0,0,0,-1,0,-0.2012,1.6964,0.3784,1]},
{"frame":1,"values":[1,-0.0062,0,0,0.0062,1,0,0,0,0,-1,0,-0.1353,1.7788,0.3784,1]},
{"frame":2,"values":[0.9977,-0.0672,0.0085,0,0.0674,0.9713,-0.2283,0,-0.0071,-0.2284,-0.9736,0,-0.1353,1.5563,0.3784,1]},
{"frame":3,"values":[0.9977,-0.0672,0.0085,0,0.0674,0.9713,-0.2283,0,-0.0071,-0.2284,-0.9736,0,-0.1353,1.2811,0.3784,1]},
{"frame":4,"values":[1,-0.0062,0,0,0.0062,1,0,0,0,0,-1,0,-0.2012,1.6964,0.3784,1]},
{"frame":5,"values":[1,-0.0062,0,0,0.0062,1,0,0,0,0,-1,0,-0.2012,1.342,0.3784,1]},
{"frame":6,"values":[1,-0.0062,0,0,0.0062,1,0,0,0,0,-1,0,-0.1704,1.9437,0.3863,1]},
{"frame":7,"values":[0.99,0.1407,0,0,-0.1407,0.99,0,0,0,0,-1,0,-0.3371,1.5398,0.3943,1]},
{"frame":8,"values":[1,-0.0062,0,0,0.0062,1,0,0,0,0,-1,0,-0.2012,1.7871,0.3784,1]},
{"frame":9,"values":[1,-0.0062,0,0,0.0062,1,0,0,0,0,-1,0,-0.2012,1.6635,0.3784,1]},
{"frame":10,"values":[1,-0.0059,0.002,0,0.0062,0.9487,-0.3162,0,0,-0.3162,-0.9487,0,-0.2012,1.4409,0.3784,1]},
{"frame":11,"values":[1,-0.0062,0,0,0.0062,1,0,0,0,0,-1,0,-0.2012,1.6964,0.3784,1]},
{"frame":12,"values":[1,-0.0061,0.0013,0,0.0062,0.9779,-0.209,0,0,-0.209,-0.9779,0,-0.2012,1.6964,0.3784,1]},
{"frame":13,"values":[1,-0.0062,0,0,0.0062,1,0,0,0,0,-1,0,-0.3823,1.6964,0.3784,1]},
{"frame":14,"values":[1,-0.0062,0,0,0.0062,1,0,0,0,0,-1,0,-0.2012,1.6964,0.3784,1]},
{"frame":15,"values":[1,-0.0062,0,0,0.0062,1,0,0,0,0,-1,0,-0.3749,1.5136,0.3784,1]},
{"frame":16,"values":[1,-0.0062,0,0,0.0062,1,0,0,0,0,-1,0,-0.2012,1.6964,0.3784,1]},
{"frame":17,"values":[1,-0.0062,0,0,0.0062,1,0,0,0,0,-1,0,-0.2561,1.605,0.3784,1]},
{"frame":18,"values":[0.9905,0.1373,0,0,-0.1373,0.9905,0,0,0,0,-1,0,-0.3018,1.6873,0.3784,1]},
{"frame":19,"values":[1,-0.0062,0,0,0.0062,1,0,0,0,0,-1,0,-0.2012,1.7696,0.3784,1]},
{"frame":20,"values":[0.882,-0.0062,0.4713,0,0.0055,1,0.0029,0,0.4713,0,-0.882,0,-0.2012,1.6964,0.3784,1]}],"loopBehavior":1,"name":"anim","property":"_matrix"}},
{"name":"Torso","index":8,"matrix":[1,0,0,0,0,1,0,0,0,0,1,0,0,0.5232,0,1],"rest":[1,0,0,0,0,1,0,0,0,0,1,0,0,0.5232,0,1],"parentBoneIndex":7,"length":1.0465
,"animation":{"dataType":3,"framePerSecond":24,"keys":[
{"frame":0,"values":[1,0,0,0,0,1,0,0,0,0,1,0,0,0.5232,0,1]},
{"frame":1,"values":[0.9647,0.2635,0,0,-0.2635,0.9647,0,0,0,0,1,0,0,0.5232,0,1]},
{"frame":2,"values":[0.9586,0.2807,-0.0482,0,-0.2847,0.941,-0.1831,0,-0.006,0.1893,0.9819,0,0,0.5232,0,1]},
{"frame":4,"values":[0.7566,-0.0015,-0.6539,0,-0.0015,1,-0.0041,0,0.6539,0.0041,0.7566,0,0,0.5232,0,1]},
{"frame":5,"values":[0.6527,-0.7576,0,0,0.7576,0.6527,0,0,0,0,1,0,0,0.5232,0,1]},
{"frame":6,"values":[0.9401,-0.341,0,0,0.341,0.9401,0,0,0,0,1,0,0,0.5232,0,1]},
{"frame":7,"values":[0.9875,0.1577,0,0,-0.1577,0.9875,0,0,0,0,1,0,0,0.5232,0,1]},
{"frame":8,"values":[1,0.0001,0.0013,0,0.0001,0.9782,-0.2078,0,-0.0013,0.2078,0.9782,0,0,0.5232,0,1]},
{"frame":9,"values":[0.7413,-0.0487,0.6694,0,0.1295,0.989,-0.0715,0,-0.6585,0.1397,0.7395,0,0,0.5232,0,1]},
{"frame":10,"values":[0.9922,-0.063,0.1074,0,0.0705,0.9952,-0.0675,0,-0.1026,0.0745,0.9919,0,0,0.5232,0,1]},
{"frame":11,"values":[0.9895,0.1445,0,0,-0.1445,0.9895,0,0,0,0,1,0,0,0.5232,0,1]},
{"frame":12,"values":[0.9984,-0.0461,0.0322,0,0.0448,0.9982,0.0389,0,-0.034,-0.0374,0.9987,0,0,0.5232,0,1]},
{"frame":13,"values":[0.9973,-0.0731,0,0,0.0731,0.9973,0,0,0,0,1,0,0,0.5232,0,1]},
{"frame":14,"values":[0.8792,0.0898,-0.4679,0,-0.0363,0.9918,0.1222,0,0.475,-0.0905,0.8753,0,0,0.5232,0,1]},
{"frame":15,"values":[0.9763,0.2163,0,0,-0.2163,0.9763,0,0,0,0,1,0,0,0.5232,0,1]},
{"frame":16,"values":[0.9951,-0.0987,0,0,0.0987,0.9951,0,0,0,0,1,0,0,0.5232,0,1]},
{"frame":17,"values":[1,0,0,0,0,1,0,0,0,0,1,0,0,0.5232,0,1]},
{"frame":18,"values":[0.938,-0.0078,-0.3465,0,0.026,0.9985,0.048,0,0.3456,-0.054,0.9368,0,0,0.5232,0,1]},
{"frame":19,"values":[1,0.0001,0.0012,0,0.0001,0.9821,-0.1882,0,-0.0012,0.1882,0.9821,0,0,0.5232,0,1]},
{"frame":20,"values":[1,0,0,0,0,1,0,0,0,0,1,0,0,0.5232,0,1]}],"loopBehavior":1,"name":"anim","property":"_matrix"}},
{"name":"Head","index":9,"matrix":[0.4332,0.0027,-0.9013,0,-0.0069,1,-0.0003,0,0.9013,0.0063,0.4332,0,0,1.0465,0,1],"rest":[0,0,-1,0,-0.0069,1,0,0,1,0.0069,0,0,0,1.0465,0,1],"parentBoneIndex":8,"length":2.1835
,"animation":{"dataType":3,"framePerSecond":24,"keys":[
{"frame":0,"values":[0,0,-1,0,-0.0069,1,0,0,1,0.0069,0,0,0,1.0465,0,1]},
{"frame":1,"values":[0,0,-1,0,-0.2384,0.9712,0,0,0.9712,0.2384,0,0,0,1.0465,0,1]},
{"frame":2,"values":[0.0057,-0.0017,-1,0,0.0175,0.9998,-0.0016,0,0.9998,-0.0175,0.0057,0,0,1.0465,0,1]},
{"frame":3,"values":[0.0147,0.1335,-0.9909,0,-0.1026,0.986,0.1313,0,0.9946,0.0998,0.0282,0,0,1.0465,0,1]},
{"frame":4,"values":[0.5908,-0.0354,-0.806,0,-0.083,0.9911,-0.1043,0,0.8025,0.1285,0.5826,0,0,1.0465,0,1]},
{"frame":5,"values":[0,0,-1,0,-0.0069,1,0,0,1,0.0069,0,0,0,1.0465,0,1]},
{"frame":6,"values":[0,0,-1,0,-0.2238,0.9746,0,0,0.9746,0.2238,0,0,0,1.0465,0,1]},
{"frame":7,"values":[0,0,-1,0,0.1125,0.9936,0,0,0.9936,-0.1125,0,0,0,1.0465,0,1]},
{"frame":8,"values":[0,0,-1,0,-0.0069,1,0,0,1,0.0069,0,0,0,1.0465,0,1]},
{"frame":9,"values":[-0.4461,-0.2732,-0.8523,0,-0.3825,0.9191,-0.0945,0,0.8091,0.2838,-0.5145,0,0,1.0465,0,1]},
{"frame":10,"values":[-0.5448,-0.5784,-0.6072,0,-0.1348,0.775,-0.6174,0,0.8277,-0.2545,-0.5002,0,0,1.0465,0,1]},
{"frame":11,"values":[0,0,-1,0,0.1253,0.9921,0,0,0.9921,-0.1253,0,0,0,1.0465,0,1]},
{"frame":12,"values":[-0.0019,0.3203,-0.9473,0,-0.0066,0.9473,0.3203,0,1,0.0069,0.0003,0,0,1.0465,0,1]},
{"frame":13,"values":[0,0,-1,0,0.1126,0.9936,0,0,0.9936,-0.1126,0,0,0,1.0465,0,1]},
{"frame":14,"values":[0.3144,-0.0781,-0.9461,0,0.0473,0.9967,-0.0666,0,0.9481,-0.0238,0.317,0,0,1.0465,0,1]},
{"frame":15,"values":[0,0,-1,0,0.1877,0.9822,0,0,0.9822,-0.1877,0,0,0,1.0465,0,1]},
{"frame":16,"values":[-0.5968,-0.0037,-0.8023,0,-0.0068,1,0.0004,0,0.8023,0.0057,-0.5969,0,0,1.0465,0,1]},
{"frame":17,"values":[0.0178,-0.2125,-0.977,0,-0.1109,0.9707,-0.2131,0,0.9937,0.1122,-0.0063,0,0,1.0465,0,1]},
{"frame":18,"values":[0.3343,-0.0463,-0.9413,0,0.0014,0.9988,-0.0486,0,0.9425,0.0149,0.334,0,0,1.0465,0,1]},
{"frame":19,"values":[0.0022,-0.3426,-0.9395,0,-0.0066,0.9394,-0.3427,0,1,0.0069,-0.0002,0,0,1.0465,0,1]},
{"frame":20,"values":[0.4332,0.0027,-0.9013,0,-0.0069,1,-0.0003,0,0.9013,0.0063,0.4332,0,0,1.0465,0,1]}],"loopBehavior":1,"name":"anim","property":"_matrix"}},
{"name":"Shourlder L","index":10,"matrix":[0,0,1,0,0.9846,-0.1748,0,0,0.1748,0.9846,0,0,0,1.0465,0,1],"rest":[0,0,1,0,0.9846,-0.1748,0,0,0.1748,0.9846,0,0,0,1.0465,0,1],"parentBoneIndex":8,"length":1.0758
,"animation":{"dataType":3,"framePerSecond":24,"keys":[
{"frame":0,"values":[0,0,1,0,0.9846,-0.1748,0,0,0.1748,0.9846,0,0,0,1.0465,0,1]},
{"frame":1,"values":[-0.0284,-0.1135,0.9931,0,0.9984,-0.0517,0.0226,0,0.0488,0.9922,0.1148,0,0,1.0465,0,1]},
{"frame":2,"values":[0,0,1,0,0.9966,-0.0818,0,0,0.0818,0.9967,0,0,0,1.0465,0,1]},
{"frame":3,"values":[0.0007,-0.0002,1,0,0.9979,-0.0645,-0.0007,0,0.0645,0.9979,0.0001,0,0,1.0465,0,1]},
{"frame":4,"values":[0,0,1,0,0.9846,-0.1748,0,0,0.1748,0.9846,0,0,0,1.0465,0,1]},
{"frame":6,"values":[-0.2622,0.1458,0.9539,0,0.9569,-0.0888,0.2766,0,0.125,0.9853,-0.1163,0,0,1.0465,0,1]},
{"frame":7,"values":[0,0,1,0,0.9846,-0.1748,0,0,0.1748,0.9846,0,0,0,1.0465,0,1]},
{"frame":11,"values":[-0.1865,-0.0012,0.9825,0,0.9673,-0.175,0.1834,0,0.1717,0.9846,0.0337,0,0,1.0465,0,1]},
{"frame":12,"values":[-0.4681,-0.0059,0.8837,0,0.87,-0.1783,0.4596,0,0.1549,0.984,0.0886,0,0,1.0465,0,1]},
{"frame":13,"values":[0,0,1,0,0.9606,-0.2779,0,0,0.2779,0.9606,0,0,0,1.0465,0,1]},
{"frame":14,"values":[0,0,1,0,0.9846,-0.1748,0,0,0.1748,0.9846,0,0,0,1.0465,0,1]},
{"frame":17,"values":[0,0,1,0,0.9667,-0.2559,0,0,0.2559,0.9667,0,0,0,1.0465,0,1]},
{"frame":18,"values":[0,0,1,0,0.9846,-0.1748,0,0,0.1748,0.9846,0,0,0,1.0465,0,1]},
{"frame":20,"values":[0,0,1,0,0.9846,-0.1748,0,0,0.1748,0.9846,0,0,0,1.0465,0,1]}],"loopBehavior":1,"name":"anim","property":"_matrix"}},
{"name":"Upper Arm L","index":11,"matrix":[0.8527,-0.3513,0.3865,0,0.0189,0.7603,0.6493,0,-0.522,-0.5464,0.655,0,0,1.0758,0,1],"rest":[1,0,0,0,0,0.9993,-0.0367,0,0,0.0367,0.9993,0,0,1.0758,0,1],"parentBoneIndex":10,"length":0.4487
,"animation":{"dataType":3,"framePerSecond":24,"keys":[
{"frame":0,"values":[1,0,0,0,0,0.8617,-0.5074,0,0,0.5074,0.8617,0,0,1.0758,0,1]},
{"frame":1,"values":[1,0,0,0,0,0.5388,0.8424,0,0,-0.8424,0.5388,0,0,1.0758,0,1]},
{"frame":2,"values":[1,0,0,0,0,0.838,0.5457,0,0,-0.5457,0.838,0,0,1.0758,0,1]},
{"frame":3,"values":[0.9942,-0.0343,-0.1023,0,-0.0066,0.9269,-0.3751,0,0.1077,0.3736,0.9213,0,0,1.0758,0,1]},
{"frame":4,"values":[0.968,0.0085,-0.2507,0,-0.0899,0.9448,-0.3152,0,0.2341,0.3276,0.9153,0,0,1.0758,0,1]},
{"frame":5,"values":[1,0,0,0,0,0.9993,-0.0367,0,0,0.0367,0.9993,0,0,1.0758,0,1]},
{"frame":6,"values":[0.4722,-0.8669,-0.1595,0,0.8605,0.4926,-0.1299,0,0.1912,-0.0759,0.9786,0,0,1.0758,0,1]},
{"frame":7,"values":[0.4467,-0.8923,0.0648,0,0.7111,0.398,0.5795,0,-0.5429,-0.2128,0.8124,0,0,1.0758,0,1]},
{"frame":8,"values":[1,0,0,0,0,0.5215,0.8532,0,0,-0.8532,0.5215,0,0,1.0758,0,1]},
{"frame":9,"values":[0.6196,-0.772,-0.142,0,0.7662,0.6341,-0.1039,0,0.1703,-0.0445,0.9844,0,0,1.0758,0,1]},
{"frame":10,"values":[0.3518,-0.8753,-0.3317,0,0.9354,0.3423,0.0887,0,0.0359,-0.3415,0.9392,0,0,1.0758,0,1]},
{"frame":11,"values":[0.4089,-0.8975,-0.1651,0,0.8909,0.4318,-0.1411,0,0.198,-0.0894,0.9761,0,0,1.0758,0,1]},
{"frame":12,"values":[0.4843,-0.8426,-0.2358,0,0.8683,0.4958,0.0116,0,0.1071,-0.2104,0.9717,0,0,1.0758,0,1]},
{"frame":13,"values":[1,0,0,0,0,0.8644,-0.5029,0,0,0.5029,0.8644,0,0,1.0758,0,1]},
{"frame":14,"values":[1,0,0,0,0,0.8845,-0.4665,0,0,0.4665,0.8845,0,0,1.0758,0,1]},
{"frame":15,"values":[1,0,0,0,0,0.8794,-0.4761,0,0,0.4761,0.8794,0,0,1.0758,0,1]},
{"frame":16,"values":[1,0,0,0,0,0.7183,-0.6958,0,0,0.6958,0.7183,0,0,1.0758,0,1]},
{"frame":17,"values":[-0.2304,-0.957,-0.1761,0,0.9499,-0.182,-0.2541,0,0.2111,-0.2258,0.951,0,0,1.0758,0,1]},
{"frame":18,"values":[1,0,0,0,0,0.7406,-0.6719,0,0,0.6719,0.7406,0,0,1.0758,0,1]},
{"frame":19,"values":[1,0,0,0,0,0.5281,0.8492,0,0,-0.8492,0.5281,0,0,1.0758,0,1]},
{"frame":20,"values":[0.8527,-0.3513,0.3865,0,0.0189,0.7603,0.6493,0,-0.522,-0.5464,0.655,0,0,1.0758,0,1]}],"loopBehavior":1,"name":"anim","property":"_matrix"}},
{"name":"Lower Arm L","index":12,"matrix":[1,0,0,0,0,1,0,0,0,0,1,0,0,0.4487,0,1],"rest":[1,0,0,0,0,1,0,0,0,0,1,0,0,0.4487,0,1],"parentBoneIndex":11,"length":0.4487
,"animation":{"dataType":3,"framePerSecond":24,"keys":[
{"frame":0,"values":[1,0,0,0,0,1,0,0,0,0,1,0,0,0.4487,0,1]},
{"frame":1,"values":[1,0,0,0,0,0.9791,0.2031,0,0,-0.2031,0.9791,0,0,0.4487,0,1]},
{"frame":2,"values":[0.9596,-0.1343,-0.2473,0,0.2718,0.214,0.9383,0,-0.0731,-0.9676,0.2419,0,0,0.4487,0,1]},
{"frame":3,"values":[0.7995,-0.0828,-0.595,0,0.4841,0.6752,0.5565,0,0.3556,-0.733,0.5799,0,0,0.4487,0,1]},
{"frame":4,"values":[1,0,0,0,0,1,0,0,0,0,1,0,0,0.4487,0,1]},
{"frame":6,"values":[0.9996,0.0173,-0.0215,0,0.0066,0.6059,0.7955,0,0.0268,-0.7954,0.6055,0,0,0.4487,0,1]},
{"frame":7,"values":[0.9602,-0.2696,-0.0733,0,0.2378,0.6509,0.721,0,-0.1466,-0.7097,0.6891,0,0,0.4487,0,1]},
{"frame":8,"values":[1,0,0,0,0,1,0,0,0,0,1,0,0,0.4487,0,1]},
{"frame":9,"values":[0.7827,-0.6075,-0.135,0,0.6075,0.7929,-0.046,0,0.135,-0.046,0.9898,0,0,0.4487,0,1]},
{"frame":10,"values":[0.7407,-0.5788,0.3412,0,0.5875,0.8043,0.0891,0,-0.326,0.1345,0.9358,0,0,0.4487,0,1]},
{"frame":11,"values":[0.6026,-0.7712,-0.2052,0,0.769,0.6299,-0.1093,0,0.2136,-0.092,0.9726,0,0,0.4487,0,1]},
{"frame":12,"values":[0.5471,-0.7678,-0.3335,0,0.8247,0.4261,0.3718,0,-0.1433,-0.4784,0.8663,0,0,0.4487,0,1]},
{"frame":13,"values":[1,0,0,0,0,1,0,0,0,0,1,0,0,0.4487,0,1]},
{"frame":17,"values":[0.9998,-0.0047,0.0211,0,0.0046,1,0.0052,0,-0.0211,-0.0051,0.9998,0,0,0.4487,0,1]},
{"frame":18,"values":[1,0,0,0,0,1,0,0,0,0,1,0,0,0.4487,0,1]},
{"frame":20,"values":[1,0,0,0,0,1,0,0,0,0,1,0,0,0.4487,0,1]}],"loopBehavior":1,"name":"anim","property":"_matrix"}},
{"name":"Shoulder R","index":13,"matrix":[0,0,-1,0,-0.9489,-0.3156,0,0,-0.3156,0.9489,0,0,0,1.0465,0,1],"rest":[0,0,-1,0,-0.9813,-0.1926,0,0,-0.1926,0.9813,0,0,0,1.0465,0,1],"parentBoneIndex":8,"length":1.0435
,"animation":{"dataType":3,"framePerSecond":24,"keys":[
{"frame":0,"values":[0,0,-1,0,-0.9813,-0.1926,0,0,-0.1926,0.9813,0,0,0,1.0465,0,1]},
{"frame":1,"values":[0.0107,0.0412,-0.9991,0,-0.9907,-0.1354,-0.0162,0,-0.136,0.9899,0.0394,0,0,1.0465,0,1]},
{"frame":2,"values":[0,0,-1,0,-0.946,-0.3242,0,0,-0.3242,0.946,0,0,0,1.0465,0,1]},
{"frame":3,"values":[0.0595,0.2709,-0.9608,0,-0.9296,-0.3357,-0.1522,0,-0.3638,0.9022,0.2318,0,0,1.0465,0,1]},
{"frame":4,"values":[0,0,-1,0,-0.9813,-0.1926,0,0,-0.1926,0.9813,0,0,0,1.0465,0,1]},
{"frame":6,"values":[0.1478,0.0311,-0.9885,0,-0.9642,-0.2179,-0.151,0,-0.2201,0.9755,-0.0022,0,0,1.0465,0,1]},
{"frame":7,"values":[0,0,-1,0,-0.9974,-0.072,0,0,-0.072,0.9974,0,0,0,1.0465,0,1]},
{"frame":8,"values":[0,0,-1,0,-0.9813,-0.1926,0,0,-0.1926,0.9813,0,0,0,1.0465,0,1]},
{"frame":9,"values":[-0.0526,-0.0003,-0.9986,0,-0.9799,-0.1926,0.0517,0,-0.1924,0.9813,0.0098,0,0,1.0465,0,1]},
{"frame":10,"values":[0,0,-1,0,-0.9813,-0.1926,0,0,-0.1926,0.9813,0,0,0,1.0465,0,1]},
{"frame":11,"values":[-0.2403,-0.0015,-0.9707,0,-0.9525,-0.1925,0.236,0,-0.1872,0.9813,0.0448,0,0,1.0465,0,1]},
{"frame":12,"values":[0.0632,0.0004,-0.998,0,-0.9793,-0.1926,-0.0621,0,-0.1923,0.9813,-0.0118,0,0,1.0465,0,1]},
{"frame":13,"values":[0,0,-1,0,-0.9813,-0.1926,0,0,-0.1926,0.9813,0,0,0,1.0465,0,1]},
{"frame":17,"values":[0.0478,-0.0054,-0.9988,0,-0.9961,-0.0744,-0.0472,0,-0.074,0.9972,-0.009,0,0,1.0465,0,1]},
{"frame":18,"values":[0,0,-1,0,-0.9813,-0.1926,0,0,-0.1926,0.9813,0,0,0,1.0465,0,1]},
{"frame":20,"values":[0,0,-1,0,-0.9489,-0.3156,0,0,-0.3156,0.9489,0,0,0,1.0465,0,1]}],"loopBehavior":1,"name":"anim","property":"_matrix"}},
{"name":"Upper Arm R","index":14,"matrix":[-1,0,0,0,0,0.9723,-0.2339,0,0,-0.2339,-0.9723,0,0,1.0435,0,1],"rest":[-1,0,0,0,0,0.9992,-0.0404,0,0,-0.0404,-0.9992,0,0,1.0435,0,1],"parentBoneIndex":13,"length":0.4663
,"animation":{"dataType":3,"framePerSecond":24,"keys":[
{"frame":0,"values":[-1,0,0,0,0,0.8643,-0.503,0,0,-0.503,-0.8643,0,0,1.0435,0,1]},
{"frame":1,"values":[-0.7363,0.2104,-0.6431,0,0.4674,0.8454,-0.2586,0,0.4892,-0.491,-0.7208,0,0,1.0435,0,1]},
{"frame":2,"values":[-0.7364,0.6763,0.0203,0,0.4674,0.4868,0.7379,0,0.4892,0.5528,-0.6746,0,0,1.0435,0,1]},
{"frame":3,"values":[-0.9847,0.1338,-0.1119,0,0.1162,0.9816,0.1515,0,0.1301,0.1362,-0.9821,0,0,1.0435,0,1]},
{"frame":4,"values":[-0.8386,0.2789,-0.4679,0,-0.0662,0.8005,0.5957,0,0.5407,0.5305,-0.6528,0,0,1.0435,0,1]},
{"frame":5,"values":[-0.8064,-0.3682,-0.4628,0,-0.5641,0.2436,0.789,0,-0.1777,0.8973,-0.4042,0,0,1.0435,0,1]},
{"frame":6,"values":[-0.357,0.4247,-0.832,0,0.8961,0.4073,-0.1766,0,0.2638,-0.8086,-0.5259,0,0,1.0435,0,1]},
{"frame":7,"values":[-0.2646,0.9072,0.3271,0,0.8932,0.3584,-0.2715,0,-0.3635,0.2203,-0.9052,0,0,1.0435,0,1]},
{"frame":8,"values":[-1,0,0,0,0,0.5389,0.8424,0,0,0.8424,-0.5389,0,0,1.0435,0,1]},
{"frame":9,"values":[-0.7623,-0.6358,-0.1207,0,-0.6304,0.7717,-0.0836,0,0.1463,0.0124,-0.9892,0,0,1.0435,0,1]},
{"frame":10,"values":[-0.5807,0.813,0.0438,0,0.7614,0.5613,-0.3243,0,-0.2882,-0.1549,-0.9449,0,0,1.0435,0,1]},
{"frame":11,"values":[-0.2875,-0.8616,-0.4183,0,-0.9282,0.3583,-0.1001,0,0.2361,0.3595,-0.9028,0,0,1.0435,0,1]},
{"frame":12,"values":[-0.1603,0.6156,-0.7716,0,0.2592,0.7805,0.5688,0,0.9524,-0.1088,-0.2847,0,0,1.0435,0,1]},
{"frame":13,"values":[-1,0,0,0,0,0.6251,0.7806,0,0,0.7806,-0.6251,0,0,1.0435,0,1]},
{"frame":14,"values":[-1,0,0,0,0,0.6482,0.7614,0,0,0.7614,-0.6482,0,0,1.0435,0,1]},
{"frame":15,"values":[-1,0,0,0,0,0.6939,0.72,0,0,0.72,-0.6939,0,0,1.0435,0,1]},
{"frame":16,"values":[-1,0,0,0,0,0.7701,0.6379,0,0,0.6379,-0.7701,0,0,1.0435,0,1]},
{"frame":17,"values":[-0.3854,-0.9058,-0.176,0,-0.9224,0.3729,0.1006,0,-0.0254,0.2011,-0.9792,0,0,1.0435,0,1]},
{"frame":18,"values":[-0.9498,0.2191,-0.2234,0,-0.0226,0.6639,0.7475,0,0.3121,0.715,-0.6256,0,0,1.0435,0,1]},
{"frame":19,"values":[-1,0,0,0,0,0.6148,0.7887,0,0,0.7887,-0.6148,0,0,1.0435,0,1]},
{"frame":20,"values":[-1,0,0,0,0,0.9723,-0.2339,0,0,-0.2339,-0.9723,0,0,1.0435,0,1]}],"loopBehavior":1,"name":"anim","property":"_matrix"}},
{"name":"Lower Arm R","index":15,"matrix":[1,0,0,0,0,0.1464,0.9892,0,0,-0.9892,0.1464,0,0,0.4663,0,1],"rest":[1,0,0,0,0,1,0,0,0,0,1,0,0,0.4663,0,1],"parentBoneIndex":14,"length":0.4663
,"animation":{"dataType":3,"framePerSecond":24,"keys":[
{"frame":0,"values":[1,0,0,0,0,1,0,0,0,0,1,0,0,0.4663,0,1]},
{"frame":1,"values":[0.8973,-0.3859,0.2142,0,0.2315,0.8247,0.516,0,-0.3758,-0.4134,0.8294,0,0,0.4663,0,1]},
{"frame":2,"values":[0.9562,-0.2485,0.1544,0,0.1888,0.9273,0.3234,0,-0.2235,-0.2801,0.9336,0,0,0.4663,0,1]},
{"frame":3,"values":[0.2231,0.5098,0.8309,0,-0.0083,0.8533,-0.5213,0,-0.9747,0.1094,0.1947,0,0,0.4663,0,1]},
{"frame":4,"values":[0.9448,0.1348,0.2985,0,-0.0105,0.9233,-0.3839,0,-0.3274,0.3596,0.8738,0,0,0.4663,0,1]},
{"frame":5,"values":[1,0,0,0,0,1,0,0,0,0,1,0,0,0.4663,0,1]},
{"frame":8,"values":[0.8015,-0.4348,0.4105,0,0.4348,0.8951,0.0991,0,-0.4105,0.0991,0.9064,0,0,0.4663,0,1]},
{"frame":9,"values":[0.9149,-0.0841,0.3948,0,0.3873,0.4583,-0.8,0,-0.1136,0.8848,0.4519,0,0,0.4663,0,1]},
{"frame":10,"values":[0.8003,0.3527,-0.4849,0,-0.4155,0.9093,-0.0244,0,0.4323,0.221,0.8742,0,0,0.4663,0,1]},
{"frame":11,"values":[0.8929,-0.3267,0.3098,0,0.3158,0.9449,0.0862,0,-0.3209,0.0209,0.9469,0,0,0.4663,0,1]},
{"frame":12,"values":[0.8706,0.1819,-0.4572,0,-0.1627,0.9833,0.0814,0,0.4644,0.0035,0.8856,0,0,0.4663,0,1]},
{"frame":13,"values":[1,0,0,0,0,1,0,0,0,0,1,0,0,0.4663,0,1]},
{"frame":14,"values":[1,0,0,0,0,0.9239,-0.3826,0,0,0.3826,0.9239,0,0,0.4663,0,1]},
{"frame":15,"values":[1,0,0,0,0,1,0,0,0,0,1,0,0,0.4663,0,1]},
{"frame":16,"values":[1,0,0,0,0,0.4195,-0.9078,0,0,0.9078,0.4195,0,0,0.4663,0,1]},
{"frame":17,"values":[0.5248,-0.5323,-0.6642,0,0.6124,0.7781,-0.1397,0,0.5912,-0.3335,0.7343,0,0,0.4663,0,1]},
{"frame":18,"values":[1,0,0,0,0,1,0,0,0,0,1,0,0,0.4663,0,1]},
{"frame":20,"values":[1,0,0,0,0,0.1464,0.9892,0,0,-0.9892,0.1464,0,0,0.4663,0,1]}],"loopBehavior":1,"name":"anim","property":"_matrix"}}]
,"ranges":[{"name":"ArmatureAction","from":0,"to":20}]}],
"meshes":[{"name":"Cylinder","id":"Cylinder","materialId":"panda.Cylinder","billboardMode":0,"position":[0,0,0],"rotation":[0,0,0],"scaling":[1,1,1],"isVisible":true,"freezeWorldMatrix":false,"isEnabled":true,"checkCollisions":false,"receiveShadows":false,"pickable":true,"tags":"","skeletonId":0,"numBoneInfluencers":8
,"positions":[-0.7921,0.6029,0.7174,-0.5525,0.0125,0.4549,-0.8031,0.0125,0.6071,-0.4028,0.6345,0.4733,-0.5525,0.0125,0.1691,-0.5525,0.0125,0.4549,-0.4144,0.7071,0.1507,-0.8031,0.0125,0.0721,-0.5525,0.0125,0.1691,-0.8213,0.7844,-0.0382,-0.9924,0.0125,0.1875,-0.8031,0.0125,0.0721,-0.4144,0.7071,0.1507,-0.2836,0.8834,0.4517,-0.3306,0.9532,0.1317,-0.9924,0.0125,0.1875,-1.2844,0.5422,0.4917
,-0.9924,0.0125,0.4549,-0.9924,0.0125,0.4549,-0.7921,0.6029,0.7174,-0.8031,0.0125,0.6071,-0.5525,0.0125,0.4549,-0.8031,0.0125,0.0721,-0.9924,0.0125,0.4549,-1.2961,0.6148,0.1507,-1.305,1.3381,-0.0829,-1.2844,0.5422,0.4917,-0.4028,0.6345,0.4733,-0.8034,0.9294,0.883,-0.2836,0.8834,0.4517,-0.8213,0.7844,-0.0382,-0.3306,0.9532,0.1317,-0.861,0.9999,-0.2911,-1.2844,0.5422,0.4917
,-0.8034,0.9294,0.883,-0.7921,0.6029,0.7174,-1.2961,0.6148,0.1507,-0.861,0.9999,-0.2911,-1.1557,1.392,-0.3898,-0.4618,1.1684,1.2093,-0.1811,0.9513,0.4138,-0.2836,0.8834,0.4517,-0.4618,1.1684,1.2093,-1.112,1.7758,0.7356,-0.6932,1.8693,1.4814,-1.305,1.3381,-0.0829,-1.112,1.7758,0.7356,-0.8034,0.9294,0.883,-1.1557,1.392,-0.3898,-0.587,1.9203,-0.7679,-1.066,2.077,-0.3627
,-1.1557,1.392,-0.3898,-1.2497,2.0256,-0.0534,-1.305,1.3381,-0.0829,-0.1676,0.978,-0.1902,-0.587,1.9203,-0.7679,-0.861,0.9999,-0.2911,0.2807,1.8494,-0.742,-0.4263,2.6269,-0.6466,-0.587,1.9203,-0.7679,-1.2497,2.0256,-0.0534,-0.9354,2.5497,-0.3554,-0.9862,2.6372,0.0874,-0.6932,1.8693,1.4814,-1.0059,2.5114,0.8054,-0.5695,2.7197,1.2332,-1.2497,2.0256,-0.0534,-1.0059,2.5114,0.8054
,-1.112,1.7758,0.7356,-0.587,1.9203,-0.7679,-0.9354,2.5497,-0.3554,-1.066,2.077,-0.3627,-0.4263,2.6269,-0.6466,0.1689,3.1955,-0.4583,-0.4024,3.2414,-0.2112,-0.5695,2.7197,1.2332,-0.4928,3.2524,0.7738,-0.3429,3.2482,0.9814,-0.9917,2.9151,0.2367,-0.8367,3.2257,0.1271,-0.4928,3.2524,0.7738,-0.4024,3.2414,-0.2112,-0.7579,3.1755,-0.1834,-0.7262,2.9053,-0.3913,-0.4024,3.2414,-0.2112
,0.1121,3.3215,-0.8879,-0.8061,3.3171,-0.5903,-0.8367,3.2257,0.1271,-1.2624,3.2552,-0.1918,-1.3478,3.2932,0.4779,-0.3429,3.2482,0.9814,-0.9729,3.3664,1.1533,-0.3557,3.4141,1.5255,-0.4928,3.2524,0.7738,-1.3478,3.2932,0.4779,-0.9729,3.3664,1.1533,-0.7579,3.1755,-0.1834,-0.8061,3.3171,-0.5903,-1.2624,3.2552,-0.1918,0.1121,3.3215,-0.8879,0.0693,3.7413,-1.1977,-0.4448,3.7757,-1.0757
,-1.3478,3.2932,0.4779,-1.654,3.7474,-0.1429,-1.6712,3.7787,0.5205,-0.3557,3.4141,1.5255,-0.9734,3.8164,1.2602,-0.33,3.9044,1.7116,-0.9729,3.3664,1.1533,-1.6712,3.7787,0.5205,-0.9734,3.8164,1.2602,-1.2624,3.2552,-0.1918,-0.8445,3.7583,-0.4997,-1.654,3.7474,-0.1429,-0.8445,3.7583,-0.4997,-0.4782,4.1696,-0.9283,-0.9319,4.1859,-0.433,-1.6712,3.7787,0.5205,-1.7183,4.2153,-0.0702
,-1.6902,4.2802,0.5519,-0.33,3.9044,1.7116,-0.9423,4.3202,1.2918,-0.2466,4.5478,1.6356,-0.9734,3.8164,1.2602,-1.6902,4.2802,0.5519,-0.9423,4.3202,1.2918,-0.4448,3.7757,-1.0757,0.0572,4.1547,-1.203,-0.4782,4.1696,-0.9283,-1.654,3.7474,-0.1429,-0.9319,4.1859,-0.433,-1.7183,4.2153,-0.0702,-0.2466,4.5478,1.6356,-0.6608,5.0364,1.1174,-0.2205,5.0536,1.3088,-0.9423,4.3202,1.2918
,-1.3358,5.032,0.6187,-0.6608,5.0364,1.1174,-0.9319,4.1859,-0.433,-1.4255,4.941,0.0056,-1.7183,4.2153,-0.0702,-0.4782,4.1696,-0.9283,0.0042,4.2774,-0.809,-0.2527,4.2713,-0.6441,-0.9319,4.1859,-0.433,-0.2527,4.2713,-0.6441,-0.6742,4.9232,-0.4222,-1.3827,4.9863,0.3107,-1.6902,4.2802,0.5519,-1.4255,4.941,0.0056,-0.2527,4.2713,-0.6441,-0.094,4.2778,-0.835,-0.1338,4.7876,-0.7505
,-0.6742,4.9232,-0.4222,-0.1338,4.7876,-0.7505,-0.1445,5.0436,-0.6052,-0.6608,5.0364,1.1174,-0.2093,5.3471,1.0149,-0.2205,5.0536,1.3088,-0.6608,5.0364,1.1174,-0.9444,5.334,0.4424,-0.5467,5.3396,0.8279,-0.6742,4.9232,-0.4222,-0.9155,5.3027,0.1812,-1.4255,4.941,0.0056,-1.3827,4.9863,0.3107,-0.9155,5.3027,0.1812,-0.9444,5.334,0.4424,-0.6742,4.9232,-0.4222,-0.1503,5.3269,-0.3662
,-0.5887,5.3018,-0.1054,-0.5887,5.3018,-0.1054,-0.1573,5.4586,-0.2009,-0.1622,5.5254,-0.0872,-0.5467,5.3396,0.8279,-0.1854,5.5957,0.4565,-0.1941,5.5632,0.659,-0.5887,5.3018,-0.1054,-0.1742,5.5876,0.195,-0.9155,5.3027,0.1812,-0.5467,5.3396,0.8279,-0.203,5.4605,0.868,-0.2093,5.3471,1.0149,-0.9155,5.3027,0.1812,-0.1854,5.5957,0.4565,-0.9444,5.334,0.4424,-0.7579,3.1755,-0.1834
,-1.1468,2.5913,-0.4817,-0.7262,2.9053,-0.3913,-1.0309,2.663,-0.1615,-1.1881,2.6553,-0.0204,-0.9862,2.6372,0.0874,-0.7579,3.1755,-0.1834,-1.5189,2.8213,-0.2551,-1.3751,2.6365,-0.5314,-0.9917,2.9151,0.2367,-1.5189,2.8213,-0.2551,-0.8367,3.2257,0.1271,-0.9917,2.9151,0.2367,-1.1881,2.6553,-0.0204,-1.4637,2.5967,-0.0195,-0.7262,2.9053,-0.3913,-0.994,2.6467,-0.3868,-0.9354,2.5497,-0.3554
,-1.4637,2.5967,-0.0195,-1.2873,2.1937,-0.2809,-1.5189,2.8213,-0.2551,-1.1468,2.5913,-0.4817,-1.1728,2.2127,-0.3367,-1.0643,2.1988,-0.3301,-1.0309,2.663,-0.1615,-1.0312,2.3033,-0.2013,-1.0713,2.2907,-0.1108,-1.1468,2.5913,-0.4817,-1.0312,2.3033,-0.2013,-0.994,2.6467,-0.3868,-1.4637,2.5967,-0.0195,-1.1578,2.2203,-0.0957,-1.2465,2.1085,-0.1618,-1.1881,2.6553,-0.0204,-1.0713,2.2907,-0.1108
,-1.1578,2.2203,-0.0957,-1.3751,2.6365,-0.5314,-1.2873,2.1937,-0.2809,-1.1728,2.2127,-0.3367,-1.2465,2.1085,-0.1618,-1.1578,2.2203,-0.0957,-1.1728,2.2127,-0.3367,-0.9155,5.3027,0.1812,-1.5575,5.282,0.1348,-1.1185,5.5737,0.299,-1.3827,4.9863,0.3107,-1.3936,5.2295,0.4997,-1.7564,5.1819,0.2651,-0.9444,5.334,0.4424,-1.3936,5.2295,0.4997,-1.3358,5.032,0.6187,-1.3827,4.9863,0.3107
,-1.5575,5.282,0.1348,-1.4255,4.941,0.0056,-0.9444,5.334,0.4424,-1.1185,5.5737,0.299,-0.9155,5.3027,0.1812,-1.5575,5.282,0.1348,-1.7441,5.6284,0.2313,-1.6824,5.6629,0.217,-1.5575,5.282,0.1348,-1.4105,5.7541,0.3278,-1.1185,5.5737,0.299,-1.0471,5.7169,0.4152,-1.4105,5.7541,0.3278,-1.1185,5.5737,0.299,-1.3936,5.2295,0.4997,-1.7441,5.6284,0.2313,-1.7564,5.1819,0.2651
