{"producer":{"name":"Blender","version":"2.79 (sub 0)","exporter_version":"5.6.4","file":"robot_final.babylon"},
"autoClear":true,"clearColor":[0.0509,0.0509,0.0509],"ambientColor":[0,0,0],"gravity":[0,-9.81,0],
"materials":[{"name":"robot_final.Material1","id":"robot_final.Material1","ambient":[0.8,0.8,0.8],"diffuse":[0.64,0.64,0.64],"specular":[0.5,0.5,0.5],"emissive":[0,0,0],"specularPower":50,"alpha":1,"backFaceCulling":true,"checkReadyOnlyOnce":false,"maxSimultaneousLights":4},
{"name":"robot_final.Material2","id":"robot_final.Material2","ambient":[0.013,0.4593,0.8],"diffuse":[0.0104,0.3674,0.64],"specular":[0.5,0.5,0.5],"emissive":[0,0,0],"specularPower":50,"alpha":1,"backFaceCulling":true,"checkReadyOnlyOnce":false,"maxSimultaneousLights":4}],
"multiMaterials":[{"name":"robot_final.Multimaterial#0","id":"robot_final.Multimaterial#0","materials":["robot_final.Material1","robot_final.Material2"]}],
"skeletons":[{"name":"Armature","id":0,"dimensionsAtRest":[9.5114,8.1936,2.0579],"bones":[
{"name":"Root","index":0,"matrix":[-0.1678,0,0.9858,0,0,1,0,0,0.9858,0,0.1678,0,0.0859,2.8707,0.0793,1],"rest":[-0.1678,0,0.9858,0,0,1,0,0,0.9858,0,0.1678,0,0.0859,2.8707,0.0793,1],"parentBoneIndex":-1,"length":1
,"animation":{"dataType":3,"framePerSecond":24,"keys":[
{"frame":0,"values":[-0.1678,0,0.9858,0,0,1,0,0,0.9858,0,0.1678,0,0.0859,2.8707,0.0793,1]},
{"frame":13,"values":[-0.1678,0,0.9858,0,0.5657,0.819,0.0963,0,0.8074,-0.5738,0.1374,0,0.0859,2.7448,0.0793,1]},
{"frame":14,"values":[-0.1678,0,0.9858,0,0.5742,0.8129,0.0977,0,0.8014,-0.5824,0.1364,0,0.0859,2.7448,0.0793,1]},
{"frame":15,"values":[-0.1678,-0.2987,0.9395,0,0.5742,0.7451,0.3394,0,0.8014,-0.5964,-0.0465,0,-0.1874,3.7379,0.0793,1]},
{"frame":16,"values":[-0.0075,-0.3442,0.9389,0,-0.1082,0.9337,0.3414,0,0.9941,0.099,0.0443,0,-0.3765,2.8869,0.9033,1]},
{"frame":19,"values":[-0.0075,-0.3442,0.9389,0,-0.1082,0.9337,0.3414,0,0.9941,0.099,0.0443,0,-0.3765,2.8869,0.9033,1]}],"loopBehavior":1,"name":"anim","property":"_matrix"}},
{"name":"Spine","index":1,"matrix":[-0.035,0,0.9994,0,0.035,0.9994,0.0012,0,-0.9988,0.035,-0.035,0,0,1,0,1],"rest":[-0.035,0,0.9994,0,0.035,0.9994,0.0012,0,-0.9988,0.035,-0.035,0,0,1,0,1],"parentBoneIndex":0,"length":0.9459
,"animation":{"dataType":3,"framePerSecond":24,"keys":[
{"frame":0,"values":[-0.035,0,0.9994,0,0.035,0.9994,0.0012,0,-0.9988,0.035,-0.035,0,0,1,0,1]},
{"frame":3,"values":[-0.8356,0.0087,0.5493,0,0.1615,0.9596,0.2305,0,-0.5251,0.2813,-0.8032,0,0,1,0,1]},
{"frame":4,"values":[0.7199,-0.0478,0.6925,0,0.2953,0.9239,-0.2432,0,-0.6282,0.3796,0.6792,0,0,1,0,1]},
{"frame":5,"values":[0.8061,-0.0478,0.5898,0,0.26,0.9239,-0.2806,0,-0.5316,0.3796,0.7572,0,0,1,0,1]},
{"frame":6,"values":[0.0999,-0.0185,0.9948,0,0.0855,0.9963,0.0099,0,-0.9913,0.084,0.1011,0,0,1,0,1]},
{"frame":7,"values":[0.8109,-0.4149,0.4126,0,0.4861,0.8702,-0.0801,0,-0.3258,0.2655,0.9074,0,0,1,0,1]},
{"frame":8,"values":[-0.2292,-0.0869,0.9695,0,-0.1358,0.9891,0.0565,0,-0.9639,-0.1187,-0.2385,0,0,1,0,1]},
{"frame":9,"values":[0.581,-0.0869,0.8092,0,-0.0465,0.9891,0.1395,0,-0.8126,-0.1187,0.5707,0,0,1,0,1]},
{"frame":10,"values":[0.0922,-0.0869,0.9919,0,-0.1107,0.9891,0.0969,0,-0.9896,-0.1187,0.0815,0,0,1,0,1]},
{"frame":12,"values":[-0.2025,0.1614,0.9659,0,-0.0197,0.9855,-0.1688,0,-0.9791,-0.0532,-0.1964,0,0,1,0,1]},
{"frame":13,"values":[0.498,-0.1616,0.852,0,-0.0519,0.9752,0.2153,0,-0.8656,-0.1515,0.4773,0,0,1,0,1]},
{"frame":14,"values":[0.013,-0.696,0.7179,0,-0.146,0.7089,0.69,0,-0.9892,-0.1138,-0.0923,0,0,1,0,1]},
{"frame":15,"values":[0.7163,-0.3011,0.6295,0,-0.4172,0.5383,0.7322,0,-0.5593,-0.7872,0.26,0,0,1,0,1]},
{"frame":16,"values":[0.7363,0.129,0.6642,0,-0.4037,0.8715,0.2783,0,-0.543,-0.4731,0.6938,0,0,1,0,1]},
{"frame":17,"values":[-0.1401,-0.1608,0.977,0,-0.335,0.9362,0.106,0,-0.9317,-0.3124,-0.185,0,0,1,0,1]},
{"frame":18,"values":[-0.8509,-0.2422,0.4661,0,-0.2511,0.967,0.044,0,-0.4613,-0.0796,-0.8836,0,0,1,0,1]},
{"frame":19,"values":[-0.8509,-0.2422,0.4661,0,-0.2511,0.967,0.044,0,-0.4613,-0.0796,-0.8836,0,0,1,0,1]}],"loopBehavior":1,"name":"anim","property":"_matrix"}},
{"name":"Neck","index":2,"matrix":[1,0,0,0,0,1,0,0,0,0,1,0,0,0.9459,0,1],"rest":[1,0,0,0,0,1,0,0,0,0,1,0,0,0.9459,0,1],"parentBoneIndex":1,"length":1.315
,"animation":{"dataType":3,"framePerSecond":24,"keys":[
{"frame":0,"values":[1,0,0,0,0,1,0,0,0,0,1,0,0,0.9459,0,1]},
{"frame":19,"values":[1,0,0,0,0,1,0,0,0,0,1,0,0,0.9459,0,1]}],"loopBehavior":1,"name":"anim","property":"_matrix"}},
{"name":"Head","index":3,"matrix":[0.9963,-0.0363,0.0776,0,0.0321,0.998,0.0552,0,-0.0795,-0.0525,0.9955,0,0,1.315,0,1],"rest":[1,0,0,0,0,1,0,0,0,0,1,0,0,1.315,0,1],"parentBoneIndex":2,"length":3.1607
,"animation":{"dataType":3,"framePerSecond":24,"keys":[
{"frame":0,"values":[0.9963,-0.0363,0.0776,0,0.0321,0.998,0.0552,0,-0.0795,-0.0525,0.9955,0,0,1.315,0,1]},
{"frame":1,"values":[0.9912,-0.093,0.0938,0,0.0243,0.8265,0.5625,0,-0.1298,-0.5553,0.8215,0,0,1.315,0,1]},
{"frame":3,"values":[0.9407,-0.0579,-0.3343,0,0.0808,0.9952,0.0551,0,0.3295,-0.0788,0.9409,0,0,1.315,0,1]},
{"frame":4,"values":[0.9898,0.1375,-0.0379,0,-0.1356,0.9896,0.0489,0,0.0442,-0.0433,0.9981,0,0,1.315,0,1]},
{"frame":5,"values":[0.9797,-0.1233,-0.158,0,0.1882,0.8373,0.5133,0,0.069,-0.5326,0.8435,0,0,1.315,0,1]},
{"frame":6,"values":[0.8338,0.1584,0.5288,0,-0.2597,0.9579,0.1225,0,-0.4871,-0.2395,0.8398,0,0,1.315,0,1]},
{"frame":9,"values":[0.9706,-0.2023,-0.13,0,0.2195,0.9663,0.1348,0,0.0984,-0.1594,0.9823,0,0,1.315,0,1]},
{"frame":10,"values":[0.9792,0.1511,0.1358,0,-0.0272,0.7598,-0.6496,0,-0.2013,0.6324,0.7481,0,0,1.315,0,1]},
{"frame":11,"values":[0.8837,0.0709,-0.4627,0,-0.3574,0.7404,-0.5692,0,0.3022,0.6684,0.6796,0,0,1.315,0,1]},
{"frame":12,"values":[0.7321,0.1348,0.6678,0,0.0349,0.9715,-0.2344,0,-0.6803,0.1949,0.7065,0,0,1.315,0,1]},
{"frame":13,"values":[0.2022,0.2509,0.9467,0,0.0922,0.9575,-0.2734,0,-0.975,0.1426,0.1705,0,0,1.315,0,1]},
{"frame":14,"values":[0.9083,0.4108,-0.0791,0,-0.3913,0.7673,-0.508,0,-0.148,0.4924,0.8577,0,0,1.315,0,1]},
{"frame":15,"values":[0.9416,0.0715,-0.329,0,-0.283,0.6976,-0.6582,0,0.1824,0.7129,0.6771,0,0,1.315,0,1]},
{"frame":16,"values":[0.8899,0.0169,-0.4559,0,0.1133,0.9598,0.2569,0,0.4419,-0.2802,0.8521,0,0,1.315,0,1]},
{"frame":17,"values":[0.9864,0.026,-0.1625,0,0.0958,0.7123,0.6953,0,0.1338,-0.7014,0.7001,0,0,1.315,0,1]},
{"frame":18,"values":[0.9804,0.0681,-0.1848,0,-0.1361,0.9127,-0.3852,0,0.1425,0.4028,0.9041,0,0,1.315,0,1]},
{"frame":19,"values":[0.9804,0.0681,-0.1848,0,-0.1361,0.9127,-0.3852,0,0.1425,0.4028,0.9041,0,0,1.315,0,1]}],"loopBehavior":1,"name":"anim","property":"_matrix"}},
{"name":"Shoulder Rt","index":4,"matrix":[0,0.035,-0.9994,0,-1,0,0,0,0,0.9994,0.035,0,0,0.9459,0,1],"rest":[0,0.035,-0.9994,0,-1,0,0,0,0,0.9994,0.035,0,0,0.9459,0,1],"parentBoneIndex":1,"length":1.315
,"animation":{"dataType":3,"framePerSecond":24,"keys":[
{"frame":0,"values":[0,0.035,-0.9994,0,-1,0,0,0,0,0.9994,0.035,0,0,0.9459,0,1]},
{"frame":6,"values":[0.0719,-0.0814,-0.9941,0,-0.9964,-0.0515,-0.0678,0,-0.0457,0.9954,-0.0848,0,0,0.9459,0,1]},
{"frame":7,"values":[0.1481,-0.1924,-0.9701,0,-0.9855,-0.1103,-0.1286,0,-0.0823,0.9751,-0.206,0,0,0.9459,0,1]},
{"frame":14,"values":[0.0466,-0.0764,-0.996,0,-0.9956,-0.0852,-0.0401,0,-0.0818,0.9934,-0.0801,0,0,0.9459,0,1]},
{"frame":16,"values":[-0.0311,-0.1485,-0.9884,0,-0.9976,-0.0559,0.0398,0,-0.0611,0.9873,-0.1464,0,0,0.9459,0,1]},
{"frame":19,"values":[-0.0311,-0.1485,-0.9884,0,-0.9976,-0.0559,0.0398,0,-0.0611,0.9873,-0.1464,0,0,0.9459,0,1]}],"loopBehavior":1,"name":"anim","property":"_matrix"}},
{"name":"Shoulder Rt Below","index":5,"matrix":[1,0,0,0,0,1,0,0,0,0,1,0,0,1.315,0,1],"rest":[1,0,0,0,0,1,0,0,0,0,1,0,0,1.315,0,1],"parentBoneIndex":4,"length":1.4304
,"animation":{"dataType":3,"framePerSecond":24,"keys":[
{"frame":0,"values":[1,0,0,0,0,1,0,0,0,0,1,0,0,1.315,0,1]},
{"frame":1,"values":[0.9787,0.1824,0.0943,0,-0.2045,0.8238,0.5287,0,0.0188,-0.5367,0.8436,0,0,1.315,0,1]},
{"frame":3,"values":[0.9307,0.3562,0.0835,0,-0.3495,0.7978,0.4914,0,0.1084,-0.4865,0.8669,0,0,1.315,0,1]},
{"frame":4,"values":[0.4063,-0.7527,-0.518,0,0.7789,-0.011,0.627,0,-0.4777,-0.6583,0.5818,0,0,1.315,0,1]},
{"frame":5,"values":[0.6146,-0.7452,0.2588,0,0.7013,0.6663,0.2533,0,-0.3612,0.0258,0.9321,0,0,1.315,0,1]},
{"frame":6,"values":[0.9615,-0.0722,0.2651,0,0.0857,0.9955,-0.0397,0,-0.261,0.0609,0.9634,0,0,1.315,0,1]},
{"frame":7,"values":[0.2493,-0.9679,-0.0333,0,0.7852,0.1819,0.592,0,-0.5669,-0.1737,0.8053,0,0,1.315,0,1]},
{"frame":8,"values":[0.8997,0.4313,0.0669,0,-0.4322,0.8593,0.2735,0,0.0605,-0.275,0.9595,0,0,1.315,0,1]},
{"frame":10,"values":[0.8922,0.424,0.1554,0,-0.4447,0.7651,0.4657,0,0.0786,-0.4846,0.8712,0,0,1.315,0,1]},
{"frame":11,"values":[0.2753,-0.3379,-0.9,0,0.8863,0.4518,0.1014,0,0.3723,-0.8256,0.4239,0,0,1.315,0,1]},
{"frame":12,"values":[0.2133,0.6662,-0.7146,0,-0.5331,0.6923,0.4863,0,0.8187,0.2772,0.5029,0,0,1.315,0,1]},
{"frame":13,"values":[0.8807,0.3873,-0.2727,0,-0.0278,0.6171,0.7864,0,0.4729,-0.685,0.5542,0,0,1.315,0,1]},
{"frame":14,"values":[0.8769,0.2671,-0.3996,0,-0.0602,0.8859,0.46,0,0.4769,-0.3793,0.7929,0,0,1.315,0,1]},
{"frame":17,"values":[0.9816,-0.0844,-0.1711,0,0.189,0.5521,0.8121,0,0.0259,-0.8295,0.5579,0,0,1.315,0,1]},
{"frame":18,"values":[-0.5985,0.4762,-0.6443,0,0.6318,0.775,-0.0141,0,0.4926,-0.4155,-0.7647,0,0,1.315,0,1]},
{"frame":19,"values":[-0.5985,0.4762,-0.6443,0,0.6318,0.775,-0.0141,0,0.4926,-0.4155,-0.7647,0,0,1.315,0,1]}],"loopBehavior":1,"name":"anim","property":"_matrix"}},
{"name":"Elbow Rt","index":6,"matrix":[0.9622,-0.2109,-0.1725,0,0.1092,0.8785,-0.465,0,0.2497,0.4286,0.8683,0,0,1.4304,0,1],"rest":[1,0.0019,0,0,-0.0019,0.9985,-0.0548,0,-0.0001,0.0548,0.9985,0,0,1.4304,0,1],"parentBoneIndex":5,"length":2.1026
,"animation":{"dataType":3,"framePerSecond":24,"keys":[
{"frame":0,"values":[0.9622,-0.2109,-0.1725,0,0.1092,0.8785,-0.465,0,0.2497,0.4286,0.8683,0,0,1.4304,0,1]},
{"frame":1,"values":[0.9574,-0.1913,-0.2164,0,0.2865,0.7233,0.6283,0,0.0363,-0.6635,0.7473,0,0,1.4304,0,1]},
{"frame":3,"values":[0.6606,0.4093,-0.6294,0,-0.4489,0.8873,0.1058,0,0.6018,0.2126,0.7698,0,0,1.4304,0,1]},
{"frame":4,"values":[-0.263,0.9237,-0.2786,0,0.5159,0.3787,0.7684,0,0.8153,0.0584,-0.5761,0,0,1.4304,0,1]},
{"frame":5,"values":[-0.4244,-0.9011,0.0886,0,-0.207,0.1919,0.9593,0,-0.8815,0.3888,-0.2679,0,0,1.4304,0,1]},
{"frame":6,"values":[-0.076,-0.6009,-0.7957,0,0.0072,0.7977,-0.6031,0,0.9971,-0.0515,-0.0563,0,0,1.4304,0,1]},
{"frame":7,"values":[-0.3404,-0.0271,-0.9399,0,-0.3575,0.9282,0.1027,0,0.8697,0.371,-0.3257,0,0,1.4304,0,1]},
{"frame":8,"values":[-0.5608,-0.4072,-0.7209,0,-0.7988,0.495,0.3418,0,0.2177,0.7676,-0.6029,0,0,1.4304,0,1]},
{"frame":9,"values":[0.102,0.3209,-0.9416,0,0.6598,0.6865,0.3055,0,0.7445,-0.6524,-0.1417,0,0,1.4304,0,1]},
{"frame":10,"values":[-0.5248,0.8217,-0.2224,0,0.1655,0.3548,0.9202,0,0.835,0.4461,-0.3222,0,0,1.4304,0,1]},
{"frame":12,"values":[-0.7273,0.1856,-0.6607,0,-0.0718,0.9369,0.3422,0,0.6825,0.2963,-0.6681,0,0,1.4304,0,1]},
{"frame":14,"values":[-0.6979,0.6444,-0.3124,0,0.1608,0.5661,0.8085,0,0.6979,0.5141,-0.4987,0,0,1.4304,0,1]},
{"frame":17,"values":[-0.9669,-0.2529,0.0346,0,-0.1668,0.7286,0.6643,0,-0.1932,0.6365,-0.7467,0,0,1.4304,0,1]},
{"frame":19,"values":[-0.9669,-0.2529,0.0346,0,-0.1668,0.7286,0.6643,0,-0.1932,0.6365,-0.7467,0,0,1.4304,0,1]}],"loopBehavior":1,"name":"anim","property":"_matrix"}},
{"name":"Shoulder Lt","index":7,"matrix":[-0.0006,-0.0356,0.9994,0,0.9999,-0.0164,0,0,0.0164,0.9992,0.0356,0,0,0.9459,0,1],"rest":[-0.0006,-0.0356,0.9994,0,0.9999,-0.0164,0,0,0.0164,0.9992,0.0356,0,0,0.9459,0,1],"parentBoneIndex":1,"length":1.4075
,"animation":{"dataType":3,"framePerSecond":24,"keys":[
{"frame":0,"values":[-0.0006,-0.0356,0.9994,0,0.9999,-0.0164,0,0,0.0164,0.9992,0.0356,0,0,0.9459,0,1]},
{"frame":7,"values":[-0.9712,0.2241,0.0815,0,0.0513,-0.1374,0.9892,0,0.2328,0.9648,0.122,0,0,0.9459,0,1]},
{"frame":8,"values":[-0.0771,-0.4215,0.9036,0,0.9749,0.1578,0.1568,0,-0.2087,0.893,0.3987,0,0,0.9459,0,1]},
{"frame":14,"values":[0.6331,0.2193,0.7424,0,0.7738,-0.1541,-0.6143,0,-0.0203,0.9634,-0.2673,0,0,0.9459,0,1]},
{"frame":16,"values":[0.3816,0.0475,0.9231,0,0.92,0.0772,-0.3843,0,-0.0895,0.9959,-0.0142,0,0,0.9459,0,1]},
{"frame":19,"values":[0.3816,0.0475,0.9231,0,0.92,0.0772,-0.3843,0,-0.0895,0.9959,-0.0142,0,0,0.9459,0,1]}],"loopBehavior":1,"name":"anim","property":"_matrix"}},
{"name":"Shoulder Lt Below","index":8,"matrix":[0.9979,-0.0393,0.0508,0,0.0385,0.9991,0.0182,0,-0.0515,-0.0162,0.9985,0,0,1.4075,0,1],"rest":[1,0.0006,0.0006,0,-0.0006,0.9999,0.0164,0,-0.0006,-0.0164,0.9999,0,0,1.4075,0,1],"parentBoneIndex":7,"length":1.4304
,"animation":{"dataType":3,"framePerSecond":24,"keys":[
{"frame":0,"values":[0.9979,-0.0393,0.0508,0,0.0385,0.9991,0.0182,0,-0.0515,-0.0162,0.9985,0,0,1.4075,0,1]},
{"frame":1,"values":[0.9495,-0.2735,-0.1537,0,0.3124,0.7783,0.5446,0,-0.0293,-0.5652,0.8245,0,0,1.4075,0,1]},
{"frame":3,"values":[0.723,0.6631,-0.1938,0,-0.5465,0.7206,0.4268,0,0.4226,-0.2027,0.8834,0,0,1.4075,0,1]},
{"frame":4,"values":[0.3372,-0.8563,-0.3911,0,0.9272,0.3741,-0.0195,0,0.163,-0.3561,0.9201,0,0,1.4075,0,1]},
{"frame":5,"values":[0.7654,-0.3823,-0.5177,0,0.5256,0.8355,0.1601,0,0.3713,-0.3947,0.8404,0,0,1.4075,0,1]},
{"frame":7,"values":[0.78,0.3255,0.5344,0,-0.6201,0.2867,0.7303,0,0.0845,-0.901,0.4255,0,0,1.4075,0,1]},
{"frame":8,"values":[0.0091,-0.9805,-0.1963,0,-0.7777,0.1165,-0.6177,0,0.6285,0.1583,-0.7615,0,0,1.4075,0,1]},
{"frame":9,"values":[0.1143,0.974,0.1957,0,-0.9077,0.1824,-0.3779,0,-0.4038,-0.1344,0.9049,0,0,1.4075,0,1]},
{"frame":10,"values":[0.7757,0.0059,0.6311,0,-0.3089,0.8756,0.3715,0,-0.5504,-0.4831,0.681,0,0,1.4075,0,1]},
{"frame":11,"values":[-0.665,-0.6895,0.287,0,-0.3937,-0.003,-0.9193,0,0.6347,-0.7243,-0.2694,0,0,1.4075,0,1]},
{"frame":12,"values":[-0.9046,0.42,0.0733,0,0.3195,0.7816,-0.5357,0,-0.2823,-0.4611,-0.8412,0,0,1.4075,0,1]},
{"frame":13,"values":[-0.3141,0.8336,0.4544,0,0.8722,0.4424,-0.2086,0,-0.3749,0.3308,-0.866,0,0,1.4075,0,1]},
{"frame":14,"values":[-0.5835,0.286,0.7601,0,0.6322,0.7474,0.2041,0,-0.5097,0.5996,-0.6169,0,0,1.4075,0,1]},
{"frame":15,"values":[-0.4268,-0.0863,0.9002,0,0.7772,0.4739,0.4139,0,-0.4623,0.8764,-0.1351,0,0,1.4075,0,1]},
{"frame":17,"values":[-0.9104,-0.38,0.1635,0,-0.3669,0.559,-0.7436,0,0.1912,-0.737,-0.6483,0,0,1.4075,0,1]},
{"frame":18,"values":[0.5766,0.8084,0.1187,0,-0.7922,0.5887,-0.1609,0,-0.1999,-0.0013,0.9798,0,0,1.4075,0,1]},
{"frame":19,"values":[0.5766,0.8084,0.1187,0,-0.7922,0.5887,-0.1609,0,-0.1999,-0.0013,0.9798,0,0,1.4075,0,1]}],"loopBehavior":1,"name":"anim","property":"_matrix"}},
{"name":"Elbow Lt","index":9,"matrix":[0.46,0.3232,0.827,0,-0.2415,0.9418,-0.2337,0,-0.8545,-0.0923,0.5113,0,0,1.4304,0,1],"rest":[1,0.0004,0.0005,0,-0.0004,0.9999,0.012,0,-0.0005,-0.012,0.9999,0,0,1.4304,0,1],"parentBoneIndex":8,"length":1.915
,"animation":{"dataType":3,"framePerSecond":24,"keys":[
{"frame":0,"values":[0.46,0.3232,0.827,0,-0.2415,0.9418,-0.2337,0,-0.8545,-0.0923,0.5113,0,0,1.4304,0,1]},
{"frame":1,"values":[0.7252,-0.3826,0.5725,0,0.0219,0.8438,0.5362,0,-0.6882,-0.3763,0.6203,0,0,1.4304,0,1]},
{"frame":3,"values":[0.483,0.0414,0.8747,0,-0.0388,0.9989,-0.0258,0,-0.8748,-0.0215,0.484,0,0,1.4304,0,1]},
{"frame":4,"values":[-0.0998,-0.298,0.9493,0,0.1586,0.9372,0.3108,0,-0.9823,0.1816,-0.0463,0,0,1.4304,0,1]},
{"frame":5,"values":[-0.3548,-0.8671,-0.3498,0,-0.0899,0.404,-0.9103,0,0.9306,-0.2916,-0.2213,0,0,1.4304,0,1]},
{"frame":7,"values":[-0.044,-0.3299,-0.943,0,0.6304,0.7231,-0.2824,0,0.775,-0.6069,0.1762,0,0,1.4304,0,1]},
{"frame":8,"values":[-0.4865,0.2056,-0.8491,0,-0.0959,0.9535,0.2859,0,0.8684,0.2206,-0.4442,0,0,1.4304,0,1]},
{"frame":9,"values":[-0.838,-0.5446,-0.0341,0,-0.4823,0.7099,0.5133,0,-0.2554,0.4466,-0.8575,0,0,1.4304,0,1]},
{"frame":10,"values":[-0.7316,0.6763,0.0865,0,0.5491,0.5093,0.6627,0,0.4041,0.5323,-0.7439,0,0,1.4304,0,1]},
{"frame":13,"values":[-0.9856,0.1316,-0.106,0,-0.0272,0.4955,0.8682,0,0.1667,0.8586,-0.4848,0,0,1.4304,0,1]},
{"frame":14,"values":[0.58,0.5962,-0.5551,0,0.0825,0.6349,0.7682,0,0.8104,-0.4914,0.3191,0,0,1.4304,0,1]},
{"frame":15,"values":[-0.1899,0.2018,-0.9608,0,0.0654,0.9791,0.1927,0,0.9796,-0.0262,-0.1991,0,0,1.4304,0,1]},
{"frame":17,"values":[0.5426,0.314,-0.7791,0,0.4429,0.6812,0.5829,0,0.7137,-0.6614,0.2305,0,0,1.4304,0,1]},
{"frame":18,"values":[0.3987,0.0024,-0.9171,0,-0.2359,0.9666,-0.1,0,0.8862,0.2562,0.3859,0,0,1.4304,0,1]},
{"frame":19,"values":[0.3987,0.0024,-0.9171,0,-0.2359,0.9666,-0.1,0,0.8862,0.2562,0.3859,0,0,1.4304,0,1]}],"loopBehavior":1,"name":"anim","property":"_matrix"}},
{"name":"Spine.001","index":10,"matrix":[-0.9582,-0.14,0.2495,0,0.2631,-0.7738,0.5762,0,0.1124,0.6178,0.7783,0,0,0.9459,0,1],"rest":[-0.7183,-0.5449,-0.4326,0,0.1439,-0.7247,0.6739,0,-0.6807,0.4218,0.599,0,0,0.9459,0,1],"parentBoneIndex":1,"length":0.7678
,"animation":{"dataType":3,"framePerSecond":24,"keys":[
{"frame":0,"values":[-0.9582,-0.14,0.2495,0,0.2631,-0.7738,0.5762,0,0.1124,0.6178,0.7783,0,0,0.9459,0,1]},
{"frame":19,"values":[-0.9582,-0.14,0.2495,0,0.2631,-0.7738,0.5762,0,0.1124,0.6178,0.7783,0,0,0.9459,0,1]}],"loopBehavior":1,"name":"anim","property":"_matrix"}},
{"name":"Hip Rt","index":11,"matrix":[0.9994,0,0.0357,0,0.0356,0.0189,-0.9992,0,-0.0007,0.9998,0.0188,0,0,0,0,1],"rest":[0.9994,0,0.0357,0,0.0356,0.0189,-0.9992,0,-0.0007,0.9998,0.0188,0,0,0,0,1],"parentBoneIndex":0,"length":1.223
,"animation":{"dataType":3,"framePerSecond":24,"keys":[
{"frame":0,"values":[0.9994,0,0.0357,0,0.0356,0.0189,-0.9992,0,-0.0007,0.9998,0.0188,0,0,0,0,1]},
{"frame":7,"values":[0.9994,0.0262,0.0242,0,0.0356,-0.7204,-0.6927,0,-0.0007,0.6931,-0.7209,0,0,0,-0.0003,1]},
{"frame":8,"values":[0.9994,-0.0055,0.0352,0,0.0356,0.1734,-0.9842,0,-0.0007,0.9848,0.1735,0,0,0,-0.0003,1]},
{"frame":14,"values":[0.9994,-0.0224,0.0277,0,0.0356,0.6436,-0.7645,0,-0.0007,0.765,0.644,0,0,0,-0.0003,1]},
{"frame":16,"values":[0.9827,0.0238,0.1835,0,0.1812,0.0786,-0.9803,0,-0.0378,0.9966,0.0729,0,0,0,-0.0003,1]},
{"frame":18,"values":[0.4748,-0.8166,0.3283,0,0.8678,0.3723,-0.3291,0,0.1465,0.4411,0.8854,0,0,0,-0.0003,1]},
{"frame":19,"values":[0.4748,-0.8166,0.3283,0,0.8678,0.3723,-0.3291,0,0.1465,0.4411,0.8854,0,0,0,-0.0003,1]}],"loopBehavior":1,"name":"anim","property":"_matrix"}},
{"name":"Knee Rt","index":12,"matrix":[-0.5818,0.8132,-0.0153,0,-0.035,-0.0438,-0.9984,0,-0.8125,-0.5804,0.0539,0,0,1.223,0,1],"rest":[-0.5818,0.8132,-0.0153,0,-0.035,-0.0438,-0.9984,0,-0.8125,-0.5804,0.0539,0,0,1.223,0,1],"parentBoneIndex":11,"length":0.9231
,"animation":{"dataType":3,"framePerSecond":24,"keys":[
{"frame":0,"values":[-0.5818,0.8132,-0.0153,0,-0.035,-0.0438,-0.9984,0,-0.8125,-0.5804,0.0539,0,0,1.223,0,1]},
{"frame":1,"values":[-0.5734,0.5882,0.5702,0,-0.06,0.664,-0.7453,0,-0.8171,-0.4616,-0.3454,0,0,1.223,0,1]},
{"frame":3,"values":[-0.5489,-0.0951,0.8305,0,-0.0713,0.9952,0.0668,0,-0.8329,-0.0226,-0.553,0,0,1.223,0,1]},
{"frame":4,"values":[-0.5813,0.7996,0.151,0,-0.0421,0.1558,-0.9869,0,-0.8126,-0.58,-0.0569,0,0,1.223,0,1]},
{"frame":5,"values":[-0.5546,0.0661,0.8295,0,-0.0712,0.9894,-0.1264,0,-0.829,-0.1292,-0.5441,0,0,1.223,0,1]},
{"frame":8,"values":[0.335,0.1148,0.9352,0,0.9069,0.2299,-0.3531,0,-0.2555,0.9664,-0.0271,0,0,1.223,0,1]},
{"frame":9,"values":[0.2264,0.9691,0.0975,0,0.4439,-0.0136,-0.8959,0,-0.867,0.2462,-0.4333,0,0,1.223,0,1]},
{"frame":10,"values":[0.5378,0.8267,0.1654,0,0.2654,0.0202,-0.9639,0,-0.8002,0.5623,-0.2086,0,0,1.223,0,1]},
{"frame":11,"values":[0.5684,-0.0196,0.8225,0,0.2324,0.9628,-0.1377,0,-0.7892,0.2694,0.5519,0,0,1.223,0,1]},
{"frame":12,"values":[0.3972,0.9164,-0.0493,0,0.2637,-0.1654,-0.9503,0,-0.879,0.3645,-0.3073,0,0,1.223,0,1]},
{"frame":13,"values":[0.4282,0.0662,0.9013,0,0.2241,0.9584,-0.1768,0,-0.8755,0.2777,0.3955,0,0,1.223,0,1]},
{"frame":14,"values":[-0.5141,-0.0232,-0.8574,0,-0.0065,0.9997,-0.0231,0,0.8577,-0.0063,-0.5141,0,0,1.223,0,1]},
{"frame":16,"values":[-0.9645,-0.2625,-0.0274,0,0.0627,-0.1273,-0.9899,0,0.2564,-0.9565,0.1393,0,0,1.223,0,1]},
{"frame":17,"values":[-0.9892,-0.1445,-0.0258,0,0.0438,-0.1232,-0.9914,0,0.14,-0.9818,0.1282,0,0,1.223,0,1]},
{"frame":18,"values":[-0.1947,0.903,-0.383,0,0.8817,0.3322,0.3351,0,0.4298,-0.2725,-0.8608,0,0,1.223,0,1]},
{"frame":19,"values":[-0.1947,0.903,-0.383,0,0.8817,0.3322,0.3351,0,0.4298,-0.2725,-0.8608,0,0,1.223,0,1]}],"loopBehavior":1,"name":"anim","property":"_matrix"}},
{"name":"Below Knee Rt","index":13,"matrix":[0.0091,-0.1053,-0.9944,0,0.3797,0.9203,-0.094,0,0.9251,-0.3767,0.0484,0,0,0.9231,0,1],"rest":[0.8137,-0.025,-0.5808,0,0.0203,0.9997,-0.0145,0,0.581,0,0.8139,0,0,0.9231,0,1],"parentBoneIndex":12,"length":0.8536
,"animation":{"dataType":3,"framePerSecond":24,"keys":[
{"frame":0,"values":[0.0091,-0.1053,-0.9944,0,0.3797,0.9203,-0.094,0,0.9251,-0.3767,0.0484,0,0,0.9231,0,1]},
{"frame":1,"values":[0.9955,-0.0655,-0.0684,0,0.0847,0.9387,0.3341,0,0.0424,-0.3384,0.9401,0,0,0.9231,0,1]},
{"frame":4,"values":[0.8752,0.2096,0.4359,0,-0.1282,0.9695,-0.2088,0,-0.4664,0.1269,0.8754,0,0,0.9231,0,1]},
{"frame":5,"values":[0.354,0.5341,0.7677,0,-0.928,0.0987,0.3593,0,0.1161,-0.8396,0.5306,0,0,0.9231,0,1]},
{"frame":6,"values":[0.9027,0.0768,0.4234,0,0.0837,0.9338,-0.3478,0,-0.4221,0.3494,0.8365,0,0,0.9231,0,1]},
{"frame":9,"values":[-0.1731,0.5983,-0.7823,0,-0.962,0.0676,0.2645,0,0.2111,0.7984,0.5639,0,0,0.9231,0,1]},
{"frame":10,"values":[0.1328,0.8003,-0.5848,0,-0.4632,0.5717,0.6772,0,0.8763,0.1809,0.4466,0,0,0.9231,0,1]},
{"frame":11,"values":[0.0532,0.7493,-0.6601,0,-0.5744,0.5637,0.5936,0,0.8169,0.3475,0.4604,0,0,0.9231,0,1]},
{"frame":12,"values":[-0.8676,-0.4695,0.1638,0,-0.4683,0.8822,0.0483,0,-0.1672,-0.0348,-0.9853,0,0,0.9231,0,1]},
{"frame":13,"values":[-0.9994,0.0315,0.0128,0,0.0339,0.9557,0.2922,0,-0.003,0.2925,-0.9563,0,0,0.9231,0,1]},
{"frame":14,"values":[-0.9986,-0.052,-0.0117,0,-0.0533,0.9662,0.2521,0,-0.0018,0.2523,-0.9676,0,0,0.9231,0,1]},
{"frame":17,"values":[-0.4667,-0.2673,-0.8431,0,-0.4078,0.9109,-0.0631,0,0.7848,0.3144,-0.5341,0,0,0.9231,0,1]},
{"frame":18,"values":[0.4183,0.645,-0.6395,0,-0.8995,0.3918,-0.1933,0,0.1259,0.6561,0.7441,0,0,0.9231,0,1]},
{"frame":19,"values":[0.4183,0.645,-0.6395,0,-0.8995,0.3918,-0.1933,0,0.1259,0.6561,0.7441,0,0,0.9231,0,1]}],"loopBehavior":1,"name":"anim","property":"_matrix"}},
{"name":"Foot Rt","index":14,"matrix":[-0.9999,-0.0006,-0.0162,0,0.0162,-0.0183,-0.9997,0,0.0003,-0.9998,0.0183,0,0,0.8536,0,1],"rest":[-0.9999,-0.0006,-0.0162,0,0.0162,-0.0183,-0.9997,0,0.0003,-0.9998,0.0183,0,0,0.8536,0,1],"parentBoneIndex":13,"length":1.3844
,"animation":{"dataType":3,"framePerSecond":24,"keys":[
{"frame":0,"values":[-0.9999,-0.0006,-0.0162,0,0.0162,-0.0183,-0.9997,0,0.0003,-0.9998,0.0183,0,0,0.8536,0,1]},
{"frame":1,"values":[-0.9551,0.2503,0.1583,0,0.0739,0.7191,-0.691,0,-0.2868,-0.6483,-0.7053,0,0,0.8536,0,1]},
{"frame":3,"values":[-0.8185,0.4364,0.3737,0,0.4246,0.8976,-0.1182,0,-0.387,0.0619,-0.92,0,0,0.8536,0,1]},
{"frame":4,"values":[0.0751,-0.3511,-0.9333,0,0.8258,0.5465,-0.1391,0,0.5589,-0.7603,0.331,0,0,0.8536,0,1]},
{"frame":5,"values":[-0.7952,0.1962,-0.5737,0,0.5789,-0.0358,-0.8146,0,-0.1804,-0.9799,-0.0851,0,0,0.8536,0,1]},
{"frame":6,"values":[-0.7972,0.2965,-0.5259,0,0.5127,0.7924,-0.3305,0,0.3187,-0.5331,-0.7837,0,0,0.8536,0,1]},
{"frame":7,"values":[-0.791,0.2757,-0.5461,0,0.5778,0.6301,-0.5188,0,0.2011,-0.7259,-0.6577,0,0,0.8536,0,1]},
{"frame":9,"values":[-0.9247,0.2205,0.3103,0,0.3003,-0.0786,0.9506,0,0.234,0.9722,0.0065,0,0,0.8536,0,1]},
{"frame":10,"values":[0.9113,-0.0529,0.4083,0,0.3979,0.368,-0.8404,0,-0.1058,0.9283,0.3565,0,0,0.8536,0,1]},
{"frame":11,"values":[0.9385,-0.3436,0.0329,0,0.1757,0.5577,0.8112,0,-0.2971,-0.7556,0.5838,0,0,0.8536,0,1]},
{"frame":12,"values":[0.5183,-0.5862,0.6227,0,0.2315,0.7971,0.5577,0,-0.8233,-0.1449,0.5488,0,0,0.8536,0,1]},
{"frame":13,"values":[0.3959,0.4144,0.8195,0,-0.8742,0.4434,0.1981,0,-0.2813,-0.7948,0.5378,0,0,0.8536,0,1]},
{"frame":14,"values":[0.4135,0.1461,-0.8987,0,0.7296,0.5373,0.4231,0,0.5446,-0.8307,0.1155,0,0,0.8536,0,1]},
{"frame":17,"values":[0.5008,0.2203,-0.8371,0,-0.3498,0.9361,0.0371,0,0.7918,0.2742,0.5458,0,0,0.8536,0,1]},
{"frame":18,"values":[-0.1892,-0.7009,0.6877,0,0.7746,-0.537,-0.3342,0,0.6035,0.4694,0.6445,0,0,0.8536,0,1]},
{"frame":19,"values":[-0.1892,-0.7009,0.6877,0,0.7746,-0.537,-0.3342,0,0.6035,0.4694,0.6445,0,0,0.8536,0,1]}],"loopBehavior":1,"name":"anim","property":"_matrix"}},
{"name":"Hip Lt","index":15,"matrix":[-0.9994,0.0003,-0.0335,0,-0.0334,0.0444,0.9985,0,0.0017,0.999,-0.0443,0,0,0,0,1],"rest":[-0.9994,0.0003,-0.0335,0,-0.0334,0.0444,0.9985,0,0.0017,0.999,-0.0443,0,0,0,0,1],"parentBoneIndex":0,"length":1.0392
,"animation":{"dataType":3,"framePerSecond":24,"keys":[
{"frame":0,"values":[-0.9994,0.0003,-0.0335,0,-0.0334,0.0444,0.9985,0,0.0017,0.999,-0.0443,0,0,0,0,1]},
{"frame":14,"values":[-0.9994,0.02,-0.0268,0,-0.0334,-0.5558,0.8307,0,0.0017,0.8311,0.5561,0,0,0,0,1]},
{"frame":15,"values":[-0.6249,-0.6019,0.4972,0,0.7014,-0.1532,0.6961,0,-0.3428,0.7837,0.5179,0,0,0,0,1]},
{"frame":16,"values":[-0.0546,0.9892,0.136,0,0.1051,-0.1297,0.986,0,0.993,0.0681,-0.0968,0,0,0,0,1]},
{"frame":18,"values":[-0.0539,0.9965,0.064,0,0.0791,-0.0596,0.9951,0,0.9954,0.0587,-0.0756,0,0,0,0,1]},
{"frame":19,"values":[-0.0539,0.9965,0.064,0,0.0791,-0.0596,0.9951,0,0.9954,0.0587,-0.0756,0,0,0,0,1]}],"loopBehavior":1,"name":"anim","property":"_matrix"}},
{"name":"Knee Lt","index":16,"matrix":[-0.5826,-0.812,0.0362,0,0.0347,-0.0694,-0.997,0,0.812,-0.5796,0.0686,0,0,1.0392,0,1],"rest":[-0.5826,-0.812,0.0362,0,0.0347,-0.0694,-0.997,0,0.812,-0.5796,0.0686,0,0,1.0392,0,1],"parentBoneIndex":15,"length":0.9231
,"animation":{"dataType":3,"framePerSecond":24,"keys":[
{"frame":0,"values":[-0.5826,-0.812,0.0362,0,0.0347,-0.0694,-0.997,0,0.812,-0.5796,0.0686,0,0,1.0392,0,1]},
{"frame":1,"values":[-0.5845,-0.7703,-0.2551,0,0.0225,0.2989,-0.954,0,0.8111,-0.5633,-0.1574,0,0,1.0392,0,1]},
{"frame":3,"values":[-0.3922,-0.7411,-0.5449,0,-0.6247,0.6494,-0.4336,0,0.6753,0.1704,-0.7176,0,0,1.0392,0,1]},
{"frame":4,"values":[-0.6912,-0.7119,0.1247,0,-0.171,-0.0066,-0.9853,0,0.7022,-0.7023,-0.1172,0,0,1.0392,0,1]},
{"frame":6,"values":[-0.7187,0.0711,-0.6916,0,-0.2001,0.9315,0.3036,0,0.6659,0.3566,-0.6553,0,0,1.0392,0,1]},
{"frame":8,"values":[-0.6902,-0.031,0.723,0,-0.7078,0.2371,-0.6655,0,-0.1508,-0.971,-0.1856,0,0,1.0392,0,1]},
{"frame":9,"values":[-0.6964,0.1533,0.7011,0,-0.7019,0.0585,-0.7099,0,-0.1498,-0.9865,0.0668,0,0,1.0392,0,1]},
{"frame":10,"values":[-0.7046,-0.0261,0.7091,0,-0.7019,-0.1211,-0.7019,0,0.1042,-0.9923,0.067,0,0,1.0392,0,1]},
{"frame":11,"values":[-0.6823,-0.731,0.0062,0,-0.7275,0.6782,-0.1038,0,0.0717,-0.0753,-0.9946,0,0,1.0392,0,1]},
{"frame":12,"values":[-0.3804,0.8584,0.3441,0,-0.3683,0.2007,-0.9078,0,-0.8483,-0.4721,0.2398,0,0,1.0392,0,1]},
{"frame":13,"values":[-0.3709,0.5916,0.7159,0,-0.3814,0.6058,-0.6982,0,-0.8467,-0.532,0.001,0,0,1.0392,0,1]},
{"frame":14,"values":[-0.3566,0.1758,0.9176,0,-0.3894,0.8648,-0.317,0,-0.8492,-0.4704,-0.2399,0,0,1.0392,0,1]},
{"frame":16,"values":[0.957,-0.2855,-0.0508,0,0.2178,0.592,0.776,0,-0.1914,-0.7537,0.6287,0,0,1.0392,0,1]},
{"frame":17,"values":[-0.3021,-0.8547,-0.4222,0,-0.7604,-0.0511,0.6475,0,-0.575,0.5166,-0.6345,0,0,1.0392,0,1]},
{"frame":18,"values":[-0.736,-0.2433,-0.6317,0,0.0231,0.9236,-0.3826,0,0.6765,-0.2962,-0.6742,0,0,1.0392,0,1]},
{"frame":19,"values":[-0.736,-0.2433,-0.6317,0,0.0231,0.9236,-0.3826,0,0.6765,-0.2962,-0.6742,0,0,1.0392,0,1]}],"loopBehavior":1,"name":"anim","property":"_matrix"}},
{"name":"Knee below Lt","index":17,"matrix":[0.6981,0.228,0.6787,0,-0.3329,0.9426,0.0258,0,-0.6339,-0.244,0.734,0,0,0.9231,0,1],"rest":[0.9987,-0.0022,-0.0505,0,0.0023,1,0.0016,0,0.0505,-0.0017,0.9987,0,0,0.9231,0,1],"parentBoneIndex":16,"length":0.8309
,"animation":{"dataType":3,"framePerSecond":24,"keys":[
{"frame":0,"values":[0.6981,0.228,0.6787,0,-0.3329,0.9426,0.0258,0,-0.6339,-0.244,0.734,0,0,0.9231,0,1]},
{"frame":1,"values":[0.7911,0.1736,-0.5866,0,0.0119,0.9543,0.2985,0,0.6116,-0.2431,0.7529,0,0,0.9231,0,1]},
{"frame":3,"values":[0.0014,-0.1859,-0.9826,0,-0.614,0.7754,-0.1475,0,0.7893,0.6036,-0.1131,0,0,0.9231,0,1]},
{"frame":5,"values":[-0.0763,0.3716,-0.9253,0,-0.1469,0.9136,0.379,0,0.9862,0.1649,-0.0151,0,0,0.9231,0,1]},
{"frame":8,"values":[-0.2587,0.1305,-0.9571,0,-0.8908,0.3508,0.2886,0,0.3735,0.9273,0.0255,0,0,0.9231,0,1]},
{"frame":9,"values":[-0.4234,0.8659,0.2665,0,-0.1223,0.2368,-0.9638,0,-0.8976,-0.4407,0.0057,0,0,0.9231,0,1]},
{"frame":10,"values":[-0.2502,0.052,0.9668,0,-0.5652,0.8029,-0.1894,0,-0.7861,-0.5938,-0.1715,0,0,0.9231,0,1]},
{"frame":12,"values":[-0.9434,0.0483,-0.3281,0,0.2611,0.7181,-0.6451,0,0.2045,-0.6942,-0.6901,0,0,0.9231,0,1]},
{"frame":13,"values":[-0.9961,0.0848,-0.0242,0,0.0882,0.9527,-0.2908,0,-0.0016,-0.2918,-0.9565,0,0,0.9231,0,1]},
{"frame":16,"values":[0.7456,-0.4108,-0.5247,0,-0.3625,0.4107,-0.8366,0,0.5592,0.814,0.1573,0,0,0.9231,0,1]},
{"frame":17,"values":[-0.7338,0.1716,0.6573,0,0.3611,0.9181,0.1634,0,-0.5755,0.3573,-0.7357,0,0,0.9231,0,1]},
{"frame":19,"values":[-0.7338,0.1716,0.6573,0,0.3611,0.9181,0.1634,0,-0.5755,0.3573,-0.7357,0,0,0.9231,0,1]}],"loopBehavior":1,"name":"anim","property":"_matrix"}},
{"name":"Foot Lt","index":18,"matrix":[-0.7731,-0.0283,-0.6337,0,0.6343,-0.0179,-0.7729,0,0.0106,-0.9994,0.0318,0,0,0.8309,0,1],"rest":[-0.7731,-0.0283,-0.6337,0,0.6343,-0.0179,-0.7729,0,0.0106,-0.9994,0.0318,0,0,0.8309,0,1],"parentBoneIndex":17,"length":1.3844
,"animation":{"dataType":3,"framePerSecond":24,"keys":[
{"frame":0,"values":[-0.7731,-0.0283,-0.6337,0,0.6343,-0.0179,-0.7729,0,0.0106,-0.9994,0.0318,0,0,0.8309,0,1]},
{"frame":1,"values":[-0.4938,-0.3566,-0.7931,0,0.734,0.3181,-0.6,0,0.4663,-0.8784,0.1047,0,0,0.8309,0,1]},
{"frame":3,"values":[-0.5976,0.4083,-0.69,0,0.3322,0.9094,0.2505,0,0.7298,-0.0795,-0.6791,0,0,0.8309,0,1]},
{"frame":4,"values":[-0.8975,0.441,-0.0058,0,0.4216,0.8615,0.2829,0,0.1297,0.2515,-0.9591,0,0,0.8309,0,1]},
{"frame":5,"values":[-0.769,0.2371,-0.5936,0,0.2028,0.9712,0.1253,0,0.6062,-0.024,-0.7949,0,0,0.8309,0,1]},
{"frame":8,"values":[0.0836,-0.2428,0.9665,0,0.8262,0.5592,0.069,0,-0.5572,0.7927,0.2474,0,0,0.8309,0,1]},
{"frame":10,"values":[0.2826,-0.694,0.6622,0,0.9388,0.3418,-0.0424,0,-0.197,0.6336,0.7481,0,0,0.8309,0,1]},
{"frame":11,"values":[-0.1433,-0.1662,0.9756,0,-0.5864,0.8084,0.0516,0,-0.7973,-0.5647,-0.2133,0,0,0.8309,0,1]},
{"frame":12,"values":[-0.8297,-0.3,0.4707,0,-0.5364,0.6617,-0.5239,0,-0.1543,-0.6872,-0.7099,0,0,0.8309,0,1]},
{"frame":13,"values":[-0.4375,-0.0946,0.8942,0,-0.8094,0.4747,-0.3458,0,-0.3917,-0.8751,-0.2843,0,0,0.8309,0,1]},
{"frame":16,"values":[-0.2874,-0.5054,0.8136,0,0.0463,0.8411,0.5388,0,-0.9567,0.1926,-0.2183,0,0,0.8309,0,1]},
{"frame":17,"values":[0.1376,-0.0445,0.9895,0,-0.021,0.9986,0.0478,0,-0.9903,-0.0274,0.1365,0,0,0.8309,0,1]},
{"frame":18,"values":[0.1158,-0.2118,0.9704,0,0.9912,0.088,-0.0991,0,-0.0645,0.9733,0.2202,0,0,0.8309,0,1]},
{"frame":19,"values":[0.1158,-0.2118,0.9704,0,0.9912,0.088,-0.0991,0,-0.0645,0.9733,0.2202,0,0,0.8309,0,1]}],"loopBehavior":1,"name":"anim","property":"_matrix"}}]
,"ranges":[{"name":"ArmatureAction","from":0,"to":19}]}],
"meshes":[{"name":"Cube.013","id":"Cube.013","materialId":"robot_final.Multimaterial#0","billboardMode":0,"position":[0,0,0],"rotation":[0,0,0],"scaling":[1,1,1],"isVisible":true,"freezeWorldMatrix":false,"isEnabled":true,"checkCollisions":false,"receiveShadows":false,"pickable":true,"tags":"","skeletonId":0,"numBoneInfluencers":6
,"positions":[1.3581,0.9995,-0.6551,1.3805,1.5513,-0.5281,1.2041,1.5787,-0.5503,0.6783,0.7349,-0.1922,0.2069,1.1907,0.1288,0.3609,0.6114,0.0239,0.6198,1.064,0.9728,0.2429,0.9272,0.5154,0.1752,1.064,0.3198,1.4421,1.4369,0.5823,1.9603,0.9995,0.2294,1.5961,0.8577,0.4774,1.2805,0.7349,0.6923,0.8398,1.4369,-0.3022,0.9631,0.6114,0.9084,0.2069,1.1907,0.1288,0.3609,0.6114,0.0239
,0.299,0.716,0.4772,0.4626,0.9272,0.8381,0.5187,0.716,0.7998,0.2889,0.6364,0.2423,0.7335,0.6364,0.8954,1.9706,1.0994,0.0802,1.5007,1.0994,-0.6099,1.8504,1.5513,0.162,1.8064,1.5787,0.3343,0.5243,1.3142,-0.0874,0.8091,1.1907,1.0133,0.9631,0.6114,0.9084,0.9938,0.8577,-0.4071,-1.9291,1.6571,-0.1729,-2.0786,1.182,-0.4434,-1.9404,1.6265,-0.3498,-1.3509,1.346,0.4508
,-1.297,0.6521,0.58,-1.528,0.7764,0.3308,-1.0546,0.8522,-0.7276,-1.1654,1.5771,-0.9187,-1.3436,1.0077,-1.0394,-0.5345,0.5723,-0.1666,-0.7655,0.6966,-0.4158,-1.64,1.5015,0.139,-0.8775,1.4218,-0.6076,-1.297,0.6521,0.58,-0.3575,1.142,-0.0466,-1.12,1.2217,0.7,-0.8329,0.7186,0.5597,-0.4902,0.8972,0.3312,-0.5548,0.6895,0.2874,-1.0681,0.6592,0.6124,-0.7683,0.9263,0.6035
,-0.3744,1.0208,0.1498,-1.3455,1.5642,-0.9323,-1.4837,1.1198,-1.0259,-2.1061,1.0875,-0.2929,-1.12,1.2217,0.7,-0.5885,1.2663,-0.2958,-0.3575,1.142,-0.0466,-1.8171,0.9319,0.019,4.3643,4.1176,1.2093,4.4783,4.1715,0.9461,4.4009,4.0142,1.0155,3.4769,4.6422,0.1144,3.0146,4.4234,1.1823,3.1632,4.0037,0.396,3.9739,3.736,0.692,4.139,4.7942,1.1968,3.8253,4.1557,1.4783
,4.4297,4.2785,0.6255,4.2875,4.3745,0.4105,4.0894,4.1174,1.4117,4.1988,3.8085,0.8328,4.3203,4.5875,1.2044,4.4297,4.2785,0.6255,4.0894,4.1174,1.4117,4.1988,3.8085,0.8328,1.758,4.3286,0.7925,2.6364,5.2208,0.9715,2.6423,4.3276,0.9264,2.7556,4.3661,0.1787,2.7497,5.2593,0.2238,1.8713,4.3671,0.0448,1.7522,5.2218,0.8376,1.8654,5.2603,0.0899,-1.5036,5.2162,-0.597
,-2.3852,4.3219,-0.7471,-1.5036,4.3219,-0.597,-2.3852,5.2162,-0.7471,-2.5123,4.3219,-0.0006,-2.5123,5.2162,-0.0006,-1.6306,4.3219,0.1494,-1.6306,5.2162,0.1494,-4.2104,3.9874,-0.5651,-4.2919,4.1511,-0.3376,-4.2008,3.9523,-0.3801,-3.2224,4.9395,0.0504,-2.8919,4.2755,-0.8725,-2.853,4.133,-0.1218,-3.6764,3.7618,-0.1496,-4.0847,4.7108,-0.7281,-3.7153,3.9043,-0.9003,-3.9652,3.8989,-0.7855
,-3.9365,3.794,-0.2329,-4.0458,4.5683,0.0226,-4.2371,4.4926,-0.6588,-4.2085,4.3877,-0.1061,-3.9652,3.8989,-0.7855,-4.2085,4.3877,-0.1061,-4.2371,4.4926,-0.6588,2.6638,8.3637,-0.1078,1.9813,7.7246,-0.1334,2.6397,7.7036,-0.0743,2.0054,8.3847,-0.1669,1.9234,7.7601,0.5245,2.6058,8.3992,0.5501,2.5818,7.7391,0.5836,1.9474,8.4202,0.491,2.7035,10.2048,-0.2449,2.0211,9.5656,-0.2705
,2.6795,9.5447,-0.2114,2.0451,10.2257,-0.304,1.9632,9.6012,0.3874,1.9872,10.2613,0.3539,2.6216,9.5802,0.4465,2.6456,10.2403,0.413,2.7155,11.1492,-0.3655,2.1613,11.3448,-0.3164,2.0571,11.1701,-0.4246,2.5659,11.3546,0.1667,2.6049,11.3307,-0.2766,1.9991,11.2057,0.2333,2.1222,11.3688,0.1269,2.6575,11.1847,0.2924,-1.3606,11.2995,-0.7196,-1.9148,11.4952,-0.6706,-2.019,11.3205,-0.7787
,-1.5102,11.505,-0.1874,-1.4711,11.4811,-0.6307,-1.9538,11.5191,-0.2273,-2.0769,11.356,-0.1209,-1.4185,11.3351,-0.0617,-1.4021,10.3526,-0.6509,-2.0846,9.7135,-0.6765,-1.4262,9.6925,-0.6174,-2.1185,10.4091,-0.0521,-2.1425,9.749,-0.0186,-1.4841,9.728,0.0405,-1.4601,10.3881,0.007,-2.0605,10.3736,-0.71,-1.4599,7.8478,-0.549,-2.0943,8.5288,-0.6417,-2.1183,7.8687,-0.6081,-2.1762,7.9042,0.0498
,-2.1522,8.5643,0.0162,-1.5178,7.8833,0.1089,-1.4938,8.5434,0.0753,-0.5515,8.9971,-0.35,-0.9312,8.9047,-0.2496,-0.944,8.8986,-0.3792,-1.6244,7.2537,-0.3503,-1.8032,7.478,-0.164,-1.6053,7.2628,-0.1564,-1.2736,8.768,-0.2373,-1.2898,8.7602,-0.4022,-1.3516,7.0629,-0.316,-1.3354,7.0707,-0.1511,-1.5568,8.5964,-0.2241,-1.5759,8.5872,-0.418,-1.0166,6.9028,-0.2778,-1.0039,6.9089,-0.1483
,-1.7698,8.3965,-0.2107,-1.791,8.3863,-0.4261,-0.6322,6.7796,-0.2373,-0.6235,6.7838,-0.1481,-1.9045,8.1761,-0.1974,-1.9271,8.1653,-0.4262,-0.2133,6.6978,-0.196,-0.2088,6.7,-0.1505,-1.9558,7.9435,-0.1849,-1.9788,7.9325,-0.4181,-0.1276,9.052,-0.3156,0.3115,9.0611,-0.2774,-0.1231,9.0542,-0.2701,0.2242,6.6608,-0.1555,-1.9441,7.697,-0.4024,-1.9216,7.7078,-0.1736,-0.5427,9.0014,-0.2607
,-1.8245,7.4678,-0.3795,-1.8474,7.9514,0.0471,-1.8152,7.7155,0.0539,-0.5012,9.0044,-0.1719,-1.7031,7.4852,0.0503,-0.871,8.9091,-0.1207,-1.5151,7.2694,0.0365,-1.1969,8.7735,-0.0732,-1.2587,7.0763,0.013,-1.4666,8.6029,-0.0312,-0.9436,6.9133,-0.0194,-1.6696,8.4038,0.0037,-0.582,6.7868,-0.0593,-1.7982,8.1838,0.0301,-0.1876,6.7015,-0.1053,-0.102,9.0557,-0.2248,-1.1246,7.0793,0.1699
,-0.8382,6.9157,0.1039,-1.4944,8.4078,0.2087,-0.5094,6.7884,0.0256,-1.6121,8.188,0.2477,-0.1506,6.7024,-0.062,-1.6576,7.9557,0.2689,-0.065,9.0566,-0.1815,-1.6292,7.7198,0.2715,-0.4286,9.006,-0.087,-1.5278,7.4892,0.2553,-0.7656,8.9115,0.0025,-1.3574,7.273,0.221,-1.0628,8.7766,0.0837,-1.3089,8.6065,0.1533,-1.3705,7.7205,0.4708,-1.2842,7.4899,0.4431,-0.6191,8.9119,0.1154
,-1.1381,7.2736,0.39,-0.8763,8.7771,0.2274,-0.9381,7.0799,0.3136,-1.0896,8.6071,0.3222,-0.6917,6.9161,0.2168,-1.2507,8.4085,0.3964,-0.4084,6.7887,0.1034,-1.3535,8.1887,0.447,-0.0992,6.7025,-0.0223,-1.3939,7.9564,0.4722,-0.0135,9.0567,-0.1419,-0.3277,9.0063,-0.0093,-0.5097,6.9145,0.315,-0.2831,6.7876,0.171,-1.0322,8.1859,0.6204,-0.0353,6.7019,0.0122,-1.0664,7.9535,0.6489
,0.0504,9.0561,-0.1074,-1.0492,7.7176,0.6442,-0.2024,9.0052,0.0584,-0.9815,7.4872,0.6064,-0.4371,8.9103,0.2136,-0.8658,7.2711,0.5369,-0.6447,8.775,0.3523,-0.7065,7.0778,0.4386,-0.8172,8.6047,0.4692,-0.9481,8.4057,0.5597,-0.2266,8.9067,0.2934,-0.6315,7.4812,0.7389,-0.5508,7.2657,0.6563,-0.3768,8.7704,0.4538,-0.4386,7.0732,0.54,-0.5022,8.5993,0.5885,-0.2992,6.9109,0.3947
,-0.5981,8.3997,0.6923,-0.1381,6.7851,0.2259,-0.6606,8.1795,0.7611,0.0386,6.7007,0.0402,-0.6875,7.947,0.7924,0.1243,9.0549,-0.0794,-0.6777,7.7112,0.7849,-0.0574,9.0027,0.1133,-0.2531,8.1699,0.8639,0.0209,6.7814,0.266,0.1197,6.6988,0.0606,-0.272,7.9372,0.8971,0.2054,9.0529,-0.059,-0.2701,7.7016,0.8876,0.1016,8.9989,0.1534,-0.2476,7.4721,0.8357,0.0043,8.9012,0.3515
,-0.2053,7.2576,0.7433,-0.083,8.7635,0.5279,-0.1447,7.0662,0.6141,-0.1567,8.5911,0.6756,-0.0684,6.9054,0.4529,-0.2142,8.3907,0.7891,0.1555,7.4604,0.8929,0.1575,7.247,0.7948,0.2255,8.7545,0.5717,0.1638,7.0572,0.6579,0.2061,8.5805,0.7271,0.174,6.8984,0.4873,0.1889,8.3789,0.8463,0.1879,6.7765,0.2897,0.1748,8.1574,0.9246,0.2048,6.6963,0.0727,0.1643,7.9245,0.9591
,0.2905,9.0505,-0.0469,0.1578,7.6891,0.9484,0.2686,8.9941,0.1771,0.2467,8.8941,0.386,0.2907,6.6933,0.0759,0.6067,8.1425,0.941,0.6046,7.9093,0.9758,0.3764,9.0475,-0.0436,0.5896,7.6742,0.9648,0.4371,8.9883,0.1835,0.5623,7.4463,0.9084,0.4913,8.8857,0.3953,0.5236,7.2344,0.8088,0.5369,8.7438,0.5835,0.4751,7.0465,0.6697,0.5721,8.5679,0.741,0.4186,6.8899,0.4966
,0.5957,8.3649,0.8618,0.3564,6.7707,0.2961,0.7287,8.8762,0.3791,0.839,8.7317,0.563,0.7773,7.0345,0.6492,0.9274,8.5538,0.7169,0.656,6.8805,0.4805,0.9905,8.3492,0.8349,0.5199,6.7642,0.285,1.0258,8.1258,0.9125,0.3741,6.69,0.0703,1.032,7.8923,0.9468,0.4598,9.0442,-0.0493,1.0087,7.6575,0.9363,0.6006,8.9817,0.1724,0.9571,7.4306,0.8816,0.8789,7.2202,0.7846
,1.4161,8.1079,0.8402,1.4299,7.874,0.873,0.5374,9.0406,-0.0637,0.4517,6.6864,0.0559,1.3991,7.6396,0.864,0.7529,8.9748,0.1442,1.3248,7.4138,0.8134,0.9498,8.8661,0.3381,1.2098,7.2051,0.7233,1.1205,8.7188,0.5108,1.0587,7.0216,0.597,1.2584,8.5386,0.6555,0.8771,6.8703,0.4395,1.3582,8.3323,0.7668,0.6722,6.7572,0.2568,1.3085,7.0083,0.5153,1.3703,8.7056,0.4291
,1.5521,8.523,0.5594,1.0734,6.8599,0.3753,1.6846,8.315,0.6599,0.8074,6.75,0.2125,1.7626,8.0895,0.7268,0.5206,6.6828,0.0333,1.7832,7.8553,0.7574,0.6063,9.037,-0.0863,1.7456,7.6213,0.7506,0.8881,8.9676,0.0999,1.6512,7.3964,0.7066,1.1461,8.8557,0.2739,1.5036,7.1895,0.6271,0.5782,6.6792,0.0035,2.035,7.6031,0.6005,0.6639,9.0333,-0.1161,1.001,8.9605,0.0413
,1.9238,7.3793,0.5652,1.31,8.8454,0.1889,1.7489,7.1741,0.4999,1.5789,8.6925,0.3208,1.5172,6.9952,0.407,1.7975,8.5076,0.4321,1.2374,6.8496,0.2902,1.9572,8.2979,0.5185,0.9203,6.7429,0.154,2.0521,8.0714,0.5767,2.0783,7.8368,0.6043,1.3627,6.8399,0.1877,1.985,8.493,0.2787,2.1656,8.2817,0.348,1.0066,6.7362,0.0833,2.2732,8.0541,0.3956,0.6222,6.6757,-0.0326
