{"producer":{"name":"Blender","version":"2.79 (sub 0)","exporter_version":"5.6.4","file":"robot_front.babylon"},
"autoClear":true,"clearColor":[0.0509,0.0509,0.0509],"ambientColor":[0,0,0],"gravity":[0,-9.81,0],
"materials":[{"name":"robot_front.Material1","id":"robot_front.Material1","ambient":[0.8,0.8,0.8],"diffuse":[0.64,0.64,0.64],"specular":[0.5,0.5,0.5],"emissive":[0,0,0],"specularPower":50,"alpha":1,"backFaceCulling":true,"checkReadyOnlyOnce":false,"maxSimultaneousLights":4},
{"name":"robot_front.Material2","id":"robot_front.Material2","ambient":[0.013,0.4593,0.8],"diffuse":[0.0104,0.3674,0.64],"specular":[0.5,0.5,0.5],"emissive":[0,0,0],"specularPower":50,"alpha":1,"backFaceCulling":true,"checkReadyOnlyOnce":false,"maxSimultaneousLights":4}],
"multiMaterials":[{"name":"robot_front.Multimaterial#0","id":"robot_front.Multimaterial#0","materials":["robot_front.Material1","robot_front.Material2"]}],
"skeletons":[{"name":"Armature","id":0,"dimensionsAtRest":[9.4597,8.1936,2.2819],"bones":[
{"name":"Root","index":0,"matrix":[-0.1346,0,-0.9909,0,0,1,0,0,-0.9909,0,0.1346,0,-0.1057,2.8707,-0.05,1],"rest":[-0.1346,0,-0.9909,0,0,1,0,0,-0.9909,0,0.1346,0,-0.1057,2.8707,-0.05,1],"parentBoneIndex":-1,"length":1
,"animation":{"dataType":3,"framePerSecond":24,"keys":[
{"frame":0,"values":[-0.1346,0,-0.9909,0,0,1,0,0,-0.9909,0,0.1346,0,-0.1057,2.8707,-0.05,1]},
{"frame":13,"values":[-0.1346,0,-0.9909,0,-0.5686,0.819,0.0772,0,-0.8115,-0.5738,0.1102,0,-0.1057,2.7448,-0.05,1]},
{"frame":14,"values":[-0.1346,0,-0.9909,0,-0.5771,0.8129,0.0784,0,-0.8055,-0.5824,0.1094,0,-0.1057,2.7448,-0.05,1]},
{"frame":15,"values":[-0.1208,-0.2987,-0.9467,0,-0.6494,0.7451,-0.1522,0,-0.7508,-0.5964,0.2839,0,0.1551,3.7379,-0.1317,1]},
{"frame":16,"values":[-0.2735,-0.3442,-0.8982,0,0.0012,0.9337,-0.3581,0,-0.9619,0.099,0.2549,0,0.0892,2.8869,-0.9746,1]},
{"frame":19,"values":[-0.2735,-0.3442,-0.8982,0,0.0012,0.9337,-0.3581,0,-0.9619,0.099,0.2549,0,0.0892,2.8869,-0.9746,1]}],"loopBehavior":1,"name":"anim","property":"_matrix"}},
{"name":"Spine","index":1,"matrix":[-0.035,0,0.9994,0,0.035,0.9994,0.0012,0,-0.9988,0.035,-0.035,0,0,1,0,1],"rest":[-0.035,0,0.9994,0,0.035,0.9994,0.0012,0,-0.9988,0.035,-0.035,0,0,1,0,1],"parentBoneIndex":0,"length":0.9459
,"animation":{"dataType":3,"framePerSecond":24,"keys":[
{"frame":0,"values":[-0.035,0,0.9994,0,0.035,0.9994,0.0012,0,-0.9988,0.035,-0.035,0,0,1,0,1]},
{"frame":3,"values":[-0.8356,0.0087,0.5493,0,0.1615,0.9596,0.2305,0,-0.5251,0.2813,-0.8032,0,0,1,0,1]},
{"frame":4,"values":[0.7199,-0.0478,0.6925,0,0.2953,0.9239,-0.2432,0,-0.6282,0.3796,0.6792,0,0,1,0,1]},
{"frame":5,"values":[0.8061,-0.0478,0.5898,0,0.26,0.9239,-0.2806,0,-0.5316,0.3796,0.7572,0,0,1,0,1]},
{"frame":6,"values":[0.0999,-0.0185,0.9948,0,0.0855,0.9963,0.0099,0,-0.9913,0.084,0.1011,0,0,1,0,1]},
{"frame":7,"values":[0.8109,-0.4149,0.4126,0,0.4861,0.8702,-0.0801,0,-0.3258,0.2655,0.9074,0,0,1,0,1]},
{"frame":8,"values":[-0.2292,-0.0869,0.9695,0,-0.1358,0.9891,0.0565,0,-0.9639,-0.1187,-0.2385,0,0,1,0,1]},
{"frame":9,"values":[0.581,-0.0869,0.8092,0,-0.0465,0.9891,0.1395,0,-0.8126,-0.1187,0.5707,0,0,1,0,1]},
{"frame":10,"values":[0.0921,-0.0869,0.9919,0,-0.1107,0.9891,0.0969,0,-0.9896,-0.1187,0.0815,0,0,1,0,1]},
{"frame":12,"values":[-0.2025,0.1614,0.9659,0,-0.0197,0.9855,-0.1688,0,-0.9791,-0.0532,-0.1964,0,0,1,0,1]},
{"frame":13,"values":[0.498,-0.1616,0.852,0,-0.0519,0.9752,0.2153,0,-0.8656,-0.1515,0.4773,0,0,1,0,1]},
{"frame":14,"values":[0.013,-0.696,0.7179,0,-0.146,0.7089,0.69,0,-0.9892,-0.1138,-0.0923,0,0,1,0,1]},
{"frame":15,"values":[0.7163,-0.3011,0.6295,0,-0.4172,0.5383,0.7322,0,-0.5593,-0.7872,0.26,0,0,1,0,1]},
{"frame":16,"values":[0.7363,0.129,0.6642,0,-0.4037,0.8715,0.2783,0,-0.543,-0.4731,0.6938,0,0,1,0,1]},
{"frame":17,"values":[-0.1401,-0.1608,0.977,0,-0.335,0.9362,0.106,0,-0.9317,-0.3124,-0.185,0,0,1,0,1]},
{"frame":18,"values":[-0.8509,-0.2422,0.4661,0,-0.2511,0.967,0.044,0,-0.4613,-0.0796,-0.8836,0,0,1,0,1]},
{"frame":19,"values":[-0.8509,-0.2422,0.4661,0,-0.2511,0.967,0.044,0,-0.4613,-0.0796,-0.8836,0,0,1,0,1]}],"loopBehavior":1,"name":"anim","property":"_matrix"}},
{"name":"Neck","index":2,"matrix":[1,0,0,0,0,1,0,0,0,0,1,0,0,0.9459,0,1],"rest":[1,0,0,0,0,1,0,0,0,0,1,0,0,0.9459,0,1],"parentBoneIndex":1,"length":1.315
,"animation":{"dataType":3,"framePerSecond":24,"keys":[
{"frame":0,"values":[1,0,0,0,0,1,0,0,0,0,1,0,0,0.9459,0,1]},
{"frame":19,"values":[1,0,0,0,0,1,0,0,0,0,1,0,0,0.9459,0,1]}],"loopBehavior":1,"name":"anim","property":"_matrix"}},
{"name":"Head","index":3,"matrix":[0.9963,-0.0363,0.0776,0,0.0321,0.998,0.0552,0,-0.0795,-0.0525,0.9955,0,0,1.315,0,1],"rest":[1,0,0,0,0,1,0,0,0,0,1,0,0,1.315,0,1],"parentBoneIndex":2,"length":3.1607
,"animation":{"dataType":3,"framePerSecond":24,"keys":[
{"frame":0,"values":[0.9963,-0.0363,0.0776,0,0.0321,0.998,0.0552,0,-0.0795,-0.0525,0.9955,0,0,1.315,0,1]},
{"frame":1,"values":[0.9912,-0.093,0.0938,0,0.0243,0.8265,0.5625,0,-0.1298,-0.5553,0.8215,0,0,1.315,0,1]},
{"frame":3,"values":[0.9407,-0.0579,-0.3343,0,0.0808,0.9952,0.0551,0,0.3295,-0.0788,0.9409,0,0,1.315,0,1]},
{"frame":4,"values":[0.9898,0.1375,-0.0379,0,-0.1356,0.9896,0.0489,0,0.0442,-0.0433,0.9981,0,0,1.315,0,1]},
{"frame":5,"values":[0.9797,-0.1233,-0.158,0,0.1882,0.8373,0.5133,0,0.069,-0.5326,0.8435,0,0,1.315,0,1]},
{"frame":6,"values":[0.8338,0.1584,0.5288,0,-0.2597,0.9579,0.1225,0,-0.4871,-0.2395,0.8398,0,0,1.315,0,1]},
{"frame":9,"values":[0.9706,-0.2023,-0.13,0,0.2195,0.9663,0.1348,0,0.0984,-0.1594,0.9823,0,0,1.315,0,1]},
{"frame":10,"values":[0.9792,0.1511,0.1358,0,-0.0272,0.7598,-0.6496,0,-0.2013,0.6324,0.7481,0,0,1.315,0,1]},
{"frame":11,"values":[0.8837,0.0709,-0.4627,0,-0.3574,0.7404,-0.5692,0,0.3022,0.6684,0.6796,0,0,1.315,0,1]},
{"frame":12,"values":[0.7321,0.1348,0.6678,0,0.0349,0.9715,-0.2344,0,-0.6803,0.1949,0.7065,0,0,1.315,0,1]},
{"frame":13,"values":[0.2022,0.2509,0.9467,0,0.0922,0.9575,-0.2734,0,-0.975,0.1426,0.1705,0,0,1.315,0,1]},
{"frame":14,"values":[0.9083,0.4108,-0.0791,0,-0.3913,0.7673,-0.508,0,-0.148,0.4924,0.8577,0,0,1.315,0,1]},
{"frame":15,"values":[0.9416,0.0715,-0.329,0,-0.283,0.6976,-0.6582,0,0.1824,0.7129,0.6771,0,0,1.315,0,1]},
{"frame":16,"values":[0.8899,0.0169,-0.4559,0,0.1133,0.9598,0.2569,0,0.4419,-0.2802,0.8521,0,0,1.315,0,1]},
{"frame":17,"values":[0.9864,0.026,-0.1625,0,0.0958,0.7123,0.6953,0,0.1338,-0.7014,0.7001,0,0,1.315,0,1]},
{"frame":18,"values":[0.9804,0.0681,-0.1848,0,-0.1361,0.9127,-0.3852,0,0.1425,0.4028,0.9041,0,0,1.315,0,1]},
{"frame":19,"values":[0.9804,0.0681,-0.1848,0,-0.1361,0.9127,-0.3852,0,0.1425,0.4028,0.9041,0,0,1.315,0,1]}],"loopBehavior":1,"name":"anim","property":"_matrix"}},
{"name":"Shoulder Rt","index":4,"matrix":[0,0.035,-0.9994,0,-1,0,0,0,0,0.9994,0.035,0,0,0.9459,0,1],"rest":[0,0.035,-0.9994,0,-1,0,0,0,0,0.9994,0.035,0,0,0.9459,0,1],"parentBoneIndex":1,"length":1.315
,"animation":{"dataType":3,"framePerSecond":24,"keys":[
{"frame":0,"values":[0,0.035,-0.9994,0,-1,0,0,0,0,0.9994,0.035,0,0,0.9459,0,1]},
{"frame":6,"values":[0.0719,-0.0814,-0.9941,0,-0.9964,-0.0515,-0.0678,0,-0.0457,0.9954,-0.0848,0,0,0.9459,0,1]},
{"frame":7,"values":[0.1481,-0.1924,-0.9701,0,-0.9855,-0.1103,-0.1286,0,-0.0823,0.9751,-0.206,0,0,0.9459,0,1]},
{"frame":14,"values":[0.0466,-0.0764,-0.996,0,-0.9956,-0.0852,-0.0401,0,-0.0818,0.9934,-0.0801,0,0,0.9459,0,1]},
{"frame":16,"values":[-0.0311,-0.1485,-0.9884,0,-0.9976,-0.0559,0.0398,0,-0.0611,0.9873,-0.1464,0,0,0.9459,0,1]},
{"frame":19,"values":[-0.0311,-0.1485,-0.9884,0,-0.9976,-0.0559,0.0398,0,-0.0611,0.9873,-0.1464,0,0,0.9459,0,1]}],"loopBehavior":1,"name":"anim","property":"_matrix"}},
{"name":"Shoulder Rt Below","index":5,"matrix":[1,0,0,0,0,1,0,0,0,0,1,0,0,1.315,0,1],"rest":[1,0,0,0,0,1,0,0,0,0,1,0,0,1.315,0,1],"parentBoneIndex":4,"length":1.4304
,"animation":{"dataType":3,"framePerSecond":24,"keys":[
{"frame":0,"values":[1,0,0,0,0,1,0,0,0,0,1,0,0,1.315,0,1]},
{"frame":1,"values":[0.9787,0.1824,0.0943,0,-0.2045,0.8238,0.5287,0,0.0188,-0.5367,0.8436,0,0,1.315,0,1]},
{"frame":3,"values":[0.9307,0.3562,0.0835,0,-0.3495,0.7978,0.4914,0,0.1084,-0.4865,0.8669,0,0,1.315,0,1]},
{"frame":4,"values":[0.4063,-0.7527,-0.518,0,0.7789,-0.011,0.627,0,-0.4777,-0.6583,0.5818,0,0,1.315,0,1]},
{"frame":5,"values":[0.6146,-0.7452,0.2588,0,0.7013,0.6663,0.2533,0,-0.3612,0.0258,0.9321,0,0,1.315,0,1]},
{"frame":6,"values":[0.9615,-0.0722,0.2651,0,0.0857,0.9955,-0.0397,0,-0.261,0.0609,0.9634,0,0,1.315,0,1]},
{"frame":7,"values":[0.2493,-0.9679,-0.0333,0,0.7852,0.1819,0.592,0,-0.5669,-0.1737,0.8053,0,0,1.315,0,1]},
{"frame":8,"values":[0.8997,0.4313,0.0669,0,-0.4322,0.8593,0.2735,0,0.0605,-0.275,0.9595,0,0,1.315,0,1]},
{"frame":10,"values":[0.8922,0.424,0.1554,0,-0.4447,0.7651,0.4657,0,0.0786,-0.4846,0.8712,0,0,1.315,0,1]},
{"frame":11,"values":[0.2753,-0.3379,-0.9,0,0.8863,0.4518,0.1014,0,0.3723,-0.8256,0.4239,0,0,1.315,0,1]},
{"frame":12,"values":[0.2133,0.6662,-0.7146,0,-0.5331,0.6923,0.4863,0,0.8187,0.2772,0.5029,0,0,1.315,0,1]},
{"frame":13,"values":[0.8807,0.3873,-0.2727,0,-0.0278,0.6171,0.7864,0,0.4729,-0.685,0.5542,0,0,1.315,0,1]},
{"frame":14,"values":[0.8769,0.2671,-0.3996,0,-0.0602,0.8859,0.46,0,0.4769,-0.3793,0.7929,0,0,1.315,0,1]},
{"frame":17,"values":[0.9816,-0.0844,-0.1711,0,0.189,0.5521,0.8121,0,0.0259,-0.8295,0.5579,0,0,1.315,0,1]},
{"frame":18,"values":[-0.5985,0.4762,-0.6443,0,0.6318,0.775,-0.0141,0,0.4926,-0.4155,-0.7647,0,0,1.315,0,1]},
{"frame":19,"values":[-0.5985,0.4762,-0.6443,0,0.6318,0.775,-0.0141,0,0.4926,-0.4155,-0.7647,0,0,1.315,0,1]}],"loopBehavior":1,"name":"anim","property":"_matrix"}},
{"name":"Elbow Rt","index":6,"matrix":[0.9622,-0.2109,-0.1725,0,0.1092,0.8785,-0.465,0,0.2497,0.4286,0.8683,0,0,1.4304,0,1],"rest":[1,0.0019,0,0,-0.0019,0.9985,-0.0548,0,-0.0001,0.0548,0.9985,0,0,1.4304,0,1],"parentBoneIndex":5,"length":2.1026
,"animation":{"dataType":3,"framePerSecond":24,"keys":[
{"frame":0,"values":[0.9622,-0.2109,-0.1725,0,0.1092,0.8785,-0.465,0,0.2497,0.4286,0.8683,0,0,1.4304,0,1]},
{"frame":1,"values":[0.9574,-0.1913,-0.2164,0,0.2865,0.7233,0.6283,0,0.0363,-0.6635,0.7473,0,0,1.4304,0,1]},
{"frame":3,"values":[0.6606,0.4093,-0.6294,0,-0.4489,0.8873,0.1058,0,0.6018,0.2126,0.7698,0,0,1.4304,0,1]},
{"frame":4,"values":[-0.263,0.9237,-0.2786,0,0.5159,0.3787,0.7684,0,0.8153,0.0584,-0.5761,0,0,1.4304,0,1]},
{"frame":5,"values":[-0.4244,-0.9011,0.0886,0,-0.207,0.1919,0.9593,0,-0.8815,0.3888,-0.2679,0,0,1.4304,0,1]},
{"frame":6,"values":[-0.076,-0.6009,-0.7957,0,0.0072,0.7977,-0.6031,0,0.9971,-0.0515,-0.0563,0,0,1.4304,0,1]},
{"frame":7,"values":[-0.3404,-0.0271,-0.9399,0,-0.3575,0.9282,0.1027,0,0.8697,0.371,-0.3257,0,0,1.4304,0,1]},
{"frame":8,"values":[-0.5608,-0.4072,-0.7209,0,-0.7988,0.495,0.3418,0,0.2177,0.7676,-0.6029,0,0,1.4304,0,1]},
{"frame":9,"values":[0.102,0.3209,-0.9416,0,0.6598,0.6865,0.3055,0,0.7445,-0.6524,-0.1417,0,0,1.4304,0,1]},
{"frame":10,"values":[-0.5248,0.8217,-0.2224,0,0.1655,0.3548,0.9202,0,0.835,0.4461,-0.3222,0,0,1.4304,0,1]},
{"frame":12,"values":[-0.7273,0.1856,-0.6607,0,-0.0718,0.9369,0.3422,0,0.6825,0.2963,-0.6681,0,0,1.4304,0,1]},
{"frame":14,"values":[-0.6979,0.6444,-0.3124,0,0.1608,0.5661,0.8085,0,0.6979,0.5141,-0.4987,0,0,1.4304,0,1]},
{"frame":17,"values":[-0.9669,-0.2529,0.0346,0,-0.1668,0.7286,0.6643,0,-0.1932,0.6365,-0.7467,0,0,1.4304,0,1]},
{"frame":19,"values":[-0.9669,-0.2529,0.0346,0,-0.1668,0.7286,0.6643,0,-0.1932,0.6365,-0.7467,0,0,1.4304,0,1]}],"loopBehavior":1,"name":"anim","property":"_matrix"}},
{"name":"Shoulder Lt","index":7,"matrix":[-0.0006,-0.0356,0.9994,0,0.9999,-0.0164,0,0,0.0164,0.9992,0.0356,0,0,0.9459,0,1],"rest":[-0.0006,-0.0356,0.9994,0,0.9999,-0.0164,0,0,0.0164,0.9992,0.0356,0,0,0.9459,0,1],"parentBoneIndex":1,"length":1.4075
,"animation":{"dataType":3,"framePerSecond":24,"keys":[
{"frame":0,"values":[-0.0006,-0.0356,0.9994,0,0.9999,-0.0164,0,0,0.0164,0.9992,0.0356,0,0,0.9459,0,1]},
{"frame":7,"values":[-0.9712,0.2241,0.0815,0,0.0513,-0.1374,0.9892,0,0.2328,0.9648,0.122,0,0,0.9459,0,1]},
{"frame":8,"values":[-0.0771,-0.4215,0.9036,0,0.9749,0.1578,0.1568,0,-0.2087,0.893,0.3987,0,0,0.9459,0,1]},
{"frame":14,"values":[0.6331,0.2193,0.7424,0,0.7738,-0.1541,-0.6143,0,-0.0203,0.9634,-0.2673,0,0,0.9459,0,1]},
{"frame":16,"values":[0.3816,0.0475,0.9231,0,0.92,0.0772,-0.3843,0,-0.0895,0.9959,-0.0142,0,0,0.9459,0,1]},
{"frame":19,"values":[0.3816,0.0475,0.9231,0,0.92,0.0772,-0.3843,0,-0.0895,0.9959,-0.0142,0,0,0.9459,0,1]}],"loopBehavior":1,"name":"anim","property":"_matrix"}},
{"name":"Shoulder Lt Below","index":8,"matrix":[0.9979,-0.0393,0.0508,0,0.0385,0.9991,0.0182,0,-0.0515,-0.0162,0.9985,0,0,1.4075,0,1],"rest":[1,0.0006,0.0006,0,-0.0006,0.9999,0.0164,0,-0.0006,-0.0164,0.9999,0,0,1.4075,0,1],"parentBoneIndex":7,"length":1.4304
,"animation":{"dataType":3,"framePerSecond":24,"keys":[
{"frame":0,"values":[0.9979,-0.0393,0.0508,0,0.0385,0.9991,0.0182,0,-0.0515,-0.0162,0.9985,0,0,1.4075,0,1]},
{"frame":1,"values":[0.9495,-0.2735,-0.1537,0,0.3124,0.7783,0.5446,0,-0.0293,-0.5652,0.8245,0,0,1.4075,0,1]},
{"frame":3,"values":[0.723,0.6631,-0.1938,0,-0.5465,0.7206,0.4268,0,0.4226,-0.2027,0.8834,0,0,1.4075,0,1]},
{"frame":4,"values":[0.3372,-0.8563,-0.3911,0,0.9272,0.3741,-0.0195,0,0.163,-0.3561,0.9201,0,0,1.4075,0,1]},
{"frame":5,"values":[0.7654,-0.3823,-0.5177,0,0.5256,0.8355,0.1601,0,0.3713,-0.3947,0.8404,0,0,1.4075,0,1]},
{"frame":7,"values":[0.78,0.3255,0.5345,0,-0.6201,0.2867,0.7303,0,0.0845,-0.901,0.4255,0,0,1.4075,0,1]},
{"frame":8,"values":[0.0091,-0.9805,-0.1963,0,-0.7777,0.1165,-0.6177,0,0.6285,0.1583,-0.7615,0,0,1.4075,0,1]},
{"frame":9,"values":[0.1143,0.974,0.1957,0,-0.9077,0.1824,-0.3779,0,-0.4038,-0.1344,0.9049,0,0,1.4075,0,1]},
{"frame":10,"values":[0.7757,0.0059,0.6311,0,-0.3089,0.8756,0.3715,0,-0.5504,-0.4831,0.681,0,0,1.4075,0,1]},
{"frame":11,"values":[-0.665,-0.6895,0.287,0,-0.3937,-0.003,-0.9193,0,0.6347,-0.7243,-0.2694,0,0,1.4075,0,1]},
{"frame":12,"values":[-0.9046,0.42,0.0733,0,0.3195,0.7816,-0.5357,0,-0.2823,-0.4611,-0.8412,0,0,1.4075,0,1]},
{"frame":13,"values":[-0.3141,0.8336,0.4544,0,0.8722,0.4424,-0.2086,0,-0.3749,0.3308,-0.866,0,0,1.4075,0,1]},
{"frame":14,"values":[-0.5835,0.286,0.7601,0,0.6322,0.7474,0.2041,0,-0.5097,0.5996,-0.6169,0,0,1.4075,0,1]},
{"frame":15,"values":[-0.4268,-0.0863,0.9002,0,0.7772,0.4739,0.4139,0,-0.4623,0.8764,-0.1351,0,0,1.4075,0,1]},
{"frame":17,"values":[-0.9104,-0.38,0.1635,0,-0.3669,0.559,-0.7436,0,0.1912,-0.737,-0.6483,0,0,1.4075,0,1]},
{"frame":18,"values":[0.5766,0.8084,0.1187,0,-0.7922,0.5887,-0.1609,0,-0.1999,-0.0013,0.9798,0,0,1.4075,0,1]},
{"frame":19,"values":[0.5766,0.8084,0.1187,0,-0.7922,0.5887,-0.1609,0,-0.1999,-0.0013,0.9798,0,0,1.4075,0,1]}],"loopBehavior":1,"name":"anim","property":"_matrix"}},
{"name":"Elbow Lt","index":9,"matrix":[0.46,0.3232,0.827,0,-0.2415,0.9418,-0.2337,0,-0.8545,-0.0923,0.5113,0,0,1.4304,0,1],"rest":[1,0.0004,0.0005,0,-0.0004,0.9999,0.012,0,-0.0005,-0.012,0.9999,0,0,1.4304,0,1],"parentBoneIndex":8,"length":1.915
,"animation":{"dataType":3,"framePerSecond":24,"keys":[
{"frame":0,"values":[0.46,0.3232,0.827,0,-0.2415,0.9418,-0.2337,0,-0.8545,-0.0923,0.5113,0,0,1.4304,0,1]},
{"frame":1,"values":[0.7252,-0.3826,0.5725,0,0.0219,0.8438,0.5362,0,-0.6882,-0.3763,0.6203,0,0,1.4304,0,1]},
{"frame":3,"values":[0.483,0.0414,0.8747,0,-0.0388,0.9989,-0.0258,0,-0.8748,-0.0215,0.484,0,0,1.4304,0,1]},
{"frame":4,"values":[-0.0998,-0.298,0.9493,0,0.1586,0.9372,0.3108,0,-0.9823,0.1816,-0.0463,0,0,1.4304,0,1]},
{"frame":5,"values":[-0.3548,-0.8671,-0.3498,0,-0.0899,0.404,-0.9103,0,0.9306,-0.2916,-0.2213,0,0,1.4304,0,1]},
{"frame":7,"values":[-0.044,-0.3299,-0.943,0,0.6304,0.7231,-0.2824,0,0.775,-0.6069,0.1762,0,0,1.4304,0,1]},
{"frame":8,"values":[-0.4865,0.2056,-0.8491,0,-0.0959,0.9535,0.2859,0,0.8684,0.2206,-0.4442,0,0,1.4304,0,1]},
{"frame":9,"values":[-0.838,-0.5446,-0.0341,0,-0.4823,0.7099,0.5133,0,-0.2554,0.4466,-0.8575,0,0,1.4304,0,1]},
{"frame":10,"values":[-0.7316,0.6763,0.0865,0,0.5491,0.5093,0.6627,0,0.4041,0.5323,-0.7439,0,0,1.4304,0,1]},
{"frame":13,"values":[-0.9856,0.1316,-0.106,0,-0.0272,0.4955,0.8682,0,0.1667,0.8586,-0.4848,0,0,1.4304,0,1]},
{"frame":14,"values":[0.58,0.5962,-0.5551,0,0.0825,0.6349,0.7682,0,0.8104,-0.4914,0.3191,0,0,1.4304,0,1]},
{"frame":15,"values":[-0.1899,0.2018,-0.9608,0,0.0654,0.9791,0.1927,0,0.9796,-0.0262,-0.1991,0,0,1.4304,0,1]},
{"frame":17,"values":[0.5426,0.314,-0.7791,0,0.4429,0.6812,0.5829,0,0.7137,-0.6614,0.2305,0,0,1.4304,0,1]},
{"frame":18,"values":[0.3987,0.0024,-0.9171,0,-0.2359,0.9666,-0.1,0,0.8862,0.2562,0.3859,0,0,1.4304,0,1]},
{"frame":19,"values":[0.3987,0.0024,-0.9171,0,-0.2359,0.9666,-0.1,0,0.8862,0.2562,0.3859,0,0,1.4304,0,1]}],"loopBehavior":1,"name":"anim","property":"_matrix"}},
{"name":"Spine.001","index":10,"matrix":[-0.9582,-0.14,0.2495,0,0.2631,-0.7738,0.5762,0,0.1124,0.6178,0.7783,0,0,0.9459,0,1],"rest":[-0.7183,-0.5449,-0.4326,0,0.1439,-0.7247,0.6739,0,-0.6807,0.4218,0.599,0,0,0.9459,0,1],"parentBoneIndex":1,"length":0.7678
,"animation":{"dataType":3,"framePerSecond":24,"keys":[
{"frame":0,"values":[-0.9582,-0.14,0.2495,0,0.2631,-0.7738,0.5762,0,0.1124,0.6178,0.7783,0,0,0.9459,0,1]},
{"frame":19,"values":[-0.9582,-0.14,0.2495,0,0.2631,-0.7738,0.5762,0,0.1124,0.6178,0.7783,0,0,0.9459,0,1]}],"loopBehavior":1,"name":"anim","property":"_matrix"}},
{"name":"Hip Rt","index":11,"matrix":[0.9994,0,0.0357,0,0.0356,0.0189,-0.9992,0,-0.0007,0.9998,0.0188,0,0,0,0,1],"rest":[0.9994,0,0.0357,0,0.0356,0.0189,-0.9992,0,-0.0007,0.9998,0.0188,0,0,0,0,1],"parentBoneIndex":0,"length":1.223
,"animation":{"dataType":3,"framePerSecond":24,"keys":[
{"frame":0,"values":[0.9994,0,0.0357,0,0.0356,0.0189,-0.9992,0,-0.0007,0.9998,0.0188,0,0,0,0,1]},
{"frame":7,"values":[0.9994,0.0262,0.0242,0,0.0356,-0.7204,-0.6927,0,-0.0007,0.6931,-0.7209,0,0,0,-0.0003,1]},
{"frame":8,"values":[0.9994,-0.0055,0.0352,0,0.0356,0.1734,-0.9842,0,-0.0007,0.9848,0.1735,0,0,0,-0.0003,1]},
{"frame":14,"values":[0.9994,-0.0224,0.0277,0,0.0356,0.6436,-0.7645,0,-0.0007,0.765,0.644,0,0,0,-0.0003,1]},
{"frame":16,"values":[0.9827,0.0238,0.1835,0,0.1812,0.0786,-0.9803,0,-0.0378,0.9966,0.0729,0,0,0,-0.0003,1]},
{"frame":18,"values":[0.4748,-0.8166,0.3283,0,0.8678,0.3723,-0.3291,0,0.1465,0.4411,0.8854,0,0,0,-0.0003,1]},
{"frame":19,"values":[0.4748,-0.8166,0.3283,0,0.8678,0.3723,-0.3291,0,0.1465,0.4411,0.8854,0,0,0,-0.0003,1]}],"loopBehavior":1,"name":"anim","property":"_matrix"}},
{"name":"Knee Rt","index":12,"matrix":[-0.5818,0.8132,-0.0153,0,-0.035,-0.0438,-0.9984,0,-0.8125,-0.5804,0.0539,0,0,1.223,0,1],"rest":[-0.5818,0.8132,-0.0153,0,-0.035,-0.0438,-0.9984,0,-0.8125,-0.5804,0.0539,0,0,1.223,0,1],"parentBoneIndex":11,"length":0.9231
,"animation":{"dataType":3,"framePerSecond":24,"keys":[
{"frame":0,"values":[-0.5818,0.8132,-0.0153,0,-0.035,-0.0438,-0.9984,0,-0.8125,-0.5804,0.0539,0,0,1.223,0,1]},
{"frame":1,"values":[-0.5734,0.5882,0.5702,0,-0.06,0.664,-0.7453,0,-0.8171,-0.4616,-0.3454,0,0,1.223,0,1]},
{"frame":3,"values":[-0.5489,-0.0951,0.8305,0,-0.0713,0.9952,0.0668,0,-0.8329,-0.0226,-0.553,0,0,1.223,0,1]},
{"frame":4,"values":[-0.5813,0.7996,0.151,0,-0.0421,0.1558,-0.9869,0,-0.8126,-0.58,-0.0569,0,0,1.223,0,1]},
{"frame":5,"values":[-0.5546,0.0661,0.8295,0,-0.0712,0.9894,-0.1264,0,-0.829,-0.1292,-0.5441,0,0,1.223,0,1]},
{"frame":8,"values":[0.335,0.1148,0.9352,0,0.9069,0.2299,-0.3531,0,-0.2555,0.9664,-0.0271,0,0,1.223,0,1]},
{"frame":9,"values":[0.2264,0.9691,0.0975,0,0.4439,-0.0136,-0.8959,0,-0.867,0.2462,-0.4333,0,0,1.223,0,1]},
{"frame":10,"values":[0.5378,0.8267,0.1654,0,0.2654,0.0202,-0.9639,0,-0.8002,0.5623,-0.2086,0,0,1.223,0,1]},
{"frame":11,"values":[0.5684,-0.0196,0.8225,0,0.2324,0.9628,-0.1377,0,-0.7892,0.2694,0.5519,0,0,1.223,0,1]},
{"frame":12,"values":[0.3972,0.9164,-0.0493,0,0.2637,-0.1654,-0.9503,0,-0.879,0.3645,-0.3073,0,0,1.223,0,1]},
{"frame":13,"values":[0.4282,0.0662,0.9013,0,0.2241,0.9584,-0.1768,0,-0.8755,0.2777,0.3955,0,0,1.223,0,1]},
{"frame":14,"values":[-0.5141,-0.0232,-0.8574,0,-0.0065,0.9997,-0.0231,0,0.8577,-0.0063,-0.5141,0,0,1.223,0,1]},
{"frame":16,"values":[-0.9645,-0.2625,-0.0274,0,0.0627,-0.1273,-0.9899,0,0.2564,-0.9565,0.1393,0,0,1.223,0,1]},
{"frame":17,"values":[-0.9892,-0.1445,-0.0258,0,0.0438,-0.1232,-0.9914,0,0.14,-0.9818,0.1282,0,0,1.223,0,1]},
{"frame":18,"values":[-0.1947,0.903,-0.383,0,0.8817,0.3322,0.3351,0,0.4298,-0.2725,-0.8608,0,0,1.223,0,1]},
{"frame":19,"values":[-0.1947,0.903,-0.383,0,0.8817,0.3322,0.3351,0,0.4298,-0.2725,-0.8608,0,0,1.223,0,1]}],"loopBehavior":1,"name":"anim","property":"_matrix"}},
{"name":"Below Knee Rt","index":13,"matrix":[0.0091,-0.1053,-0.9944,0,0.3797,0.9203,-0.094,0,0.9251,-0.3767,0.0484,0,0,0.9231,0,1],"rest":[0.8137,-0.025,-0.5808,0,0.0203,0.9997,-0.0145,0,0.581,0,0.8139,0,0,0.9231,0,1],"parentBoneIndex":12,"length":0.8536
,"animation":{"dataType":3,"framePerSecond":24,"keys":[
{"frame":0,"values":[0.0091,-0.1053,-0.9944,0,0.3797,0.9203,-0.094,0,0.9251,-0.3767,0.0484,0,0,0.9231,0,1]},
{"frame":1,"values":[0.9955,-0.0655,-0.0684,0,0.0847,0.9387,0.3341,0,0.0424,-0.3384,0.9401,0,0,0.9231,0,1]},
{"frame":4,"values":[0.8752,0.2096,0.4359,0,-0.1282,0.9695,-0.2088,0,-0.4664,0.1269,0.8754,0,0,0.9231,0,1]},
{"frame":5,"values":[0.354,0.5341,0.7677,0,-0.928,0.0987,0.3593,0,0.1161,-0.8396,0.5306,0,0,0.9231,0,1]},
{"frame":6,"values":[0.9027,0.0768,0.4234,0,0.0837,0.9338,-0.3478,0,-0.4221,0.3494,0.8365,0,0,0.9231,0,1]},
{"frame":9,"values":[-0.1731,0.5983,-0.7823,0,-0.962,0.0676,0.2645,0,0.2111,0.7984,0.5639,0,0,0.9231,0,1]},
{"frame":10,"values":[0.1328,0.8003,-0.5848,0,-0.4632,0.5717,0.6772,0,0.8763,0.1809,0.4466,0,0,0.9231,0,1]},
{"frame":11,"values":[0.0532,0.7493,-0.6601,0,-0.5744,0.5637,0.5936,0,0.8169,0.3475,0.4604,0,0,0.9231,0,1]},
{"frame":12,"values":[-0.8676,-0.4695,0.1638,0,-0.4683,0.8822,0.0483,0,-0.1672,-0.0348,-0.9853,0,0,0.9231,0,1]},
{"frame":13,"values":[-0.9994,0.0315,0.0128,0,0.0339,0.9557,0.2922,0,-0.003,0.2925,-0.9563,0,0,0.9231,0,1]},
{"frame":14,"values":[-0.9986,-0.052,-0.0117,0,-0.0533,0.9662,0.2521,0,-0.0018,0.2523,-0.9676,0,0,0.9231,0,1]},
{"frame":17,"values":[-0.4667,-0.2673,-0.8431,0,-0.4078,0.9109,-0.0631,0,0.7848,0.3144,-0.5341,0,0,0.9231,0,1]},
{"frame":18,"values":[0.4183,0.645,-0.6395,0,-0.8995,0.3918,-0.1933,0,0.1259,0.6561,0.7441,0,0,0.9231,0,1]},
{"frame":19,"values":[0.4183,0.645,-0.6395,0,-0.8995,0.3918,-0.1933,0,0.1259,0.6561,0.7441,0,0,0.9231,0,1]}],"loopBehavior":1,"name":"anim","property":"_matrix"}},
{"name":"Foot Rt","index":14,"matrix":[-0.9999,-0.0006,-0.0162,0,0.0162,-0.0183,-0.9997,0,0.0003,-0.9998,0.0183,0,0,0.8536,0,1],"rest":[-0.9999,-0.0006,-0.0162,0,0.0162,-0.0183,-0.9997,0,0.0003,-0.9998,0.0183,0,0,0.8536,0,1],"parentBoneIndex":13,"length":1.3844
,"animation":{"dataType":3,"framePerSecond":24,"keys":[
{"frame":0,"values":[-0.9999,-0.0006,-0.0162,0,0.0162,-0.0183,-0.9997,0,0.0003,-0.9998,0.0183,0,0,0.8536,0,1]},
{"frame":1,"values":[-0.9551,0.2503,0.1583,0,0.0739,0.7191,-0.691,0,-0.2868,-0.6483,-0.7053,0,0,0.8536,0,1]},
{"frame":3,"values":[-0.8185,0.4364,0.3737,0,0.4246,0.8976,-0.1182,0,-0.387,0.0619,-0.92,0,0,0.8536,0,1]},
{"frame":4,"values":[0.0751,-0.3511,-0.9333,0,0.8258,0.5465,-0.1391,0,0.5589,-0.7603,0.331,0,0,0.8536,0,1]},
{"frame":5,"values":[-0.7952,0.1962,-0.5737,0,0.5789,-0.0358,-0.8146,0,-0.1804,-0.9799,-0.0851,0,0,0.8536,0,1]},
{"frame":6,"values":[-0.7972,0.2965,-0.5259,0,0.5127,0.7924,-0.3305,0,0.3187,-0.5331,-0.7837,0,0,0.8536,0,1]},
{"frame":7,"values":[-0.791,0.2757,-0.5461,0,0.5778,0.6301,-0.5188,0,0.2011,-0.7259,-0.6577,0,0,0.8536,0,1]},
{"frame":9,"values":[-0.9247,0.2205,0.3103,0,0.3003,-0.0786,0.9506,0,0.234,0.9722,0.0065,0,0,0.8536,0,1]},
{"frame":10,"values":[0.9113,-0.0529,0.4083,0,0.3979,0.368,-0.8404,0,-0.1058,0.9283,0.3565,0,0,0.8536,0,1]},
{"frame":11,"values":[0.9385,-0.3436,0.0329,0,0.1757,0.5577,0.8112,0,-0.2971,-0.7556,0.5838,0,0,0.8536,0,1]},
{"frame":12,"values":[0.5183,-0.5862,0.6227,0,0.2315,0.7971,0.5577,0,-0.8233,-0.1449,0.5488,0,0,0.8536,0,1]},
{"frame":13,"values":[0.3959,0.4144,0.8195,0,-0.8742,0.4434,0.1981,0,-0.2813,-0.7948,0.5378,0,0,0.8536,0,1]},
{"frame":14,"values":[0.4135,0.1461,-0.8987,0,0.7296,0.5373,0.4231,0,0.5446,-0.8307,0.1155,0,0,0.8536,0,1]},
{"frame":17,"values":[0.5008,0.2203,-0.8371,0,-0.3498,0.9361,0.0371,0,0.7918,0.2742,0.5458,0,0,0.8536,0,1]},
{"frame":18,"values":[-0.1892,-0.7009,0.6877,0,0.7746,-0.537,-0.3342,0,0.6035,0.4694,0.6445,0,0,0.8536,0,1]},
{"frame":19,"values":[-0.1892,-0.7009,0.6877,0,0.7746,-0.537,-0.3342,0,0.6035,0.4694,0.6445,0,0,0.8536,0,1]}],"loopBehavior":1,"name":"anim","property":"_matrix"}},
{"name":"Hip Lt","index":15,"matrix":[-0.9994,0.0003,-0.0335,0,-0.0334,0.0444,0.9985,0,0.0017,0.999,-0.0443,0,0,0,0,1],"rest":[-0.9994,0.0003,-0.0335,0,-0.0334,0.0444,0.9985,0,0.0017,0.999,-0.0443,0,0,0,0,1],"parentBoneIndex":0,"length":1.0392
,"animation":{"dataType":3,"framePerSecond":24,"keys":[
{"frame":0,"values":[-0.9994,0.0003,-0.0335,0,-0.0334,0.0444,0.9985,0,0.0017,0.999,-0.0443,0,0,0,0,1]},
{"frame":14,"values":[-0.9994,0.02,-0.0268,0,-0.0334,-0.5558,0.8307,0,0.0017,0.8311,0.5561,0,0,0,0,1]},
{"frame":15,"values":[-0.6249,-0.6019,0.4972,0,0.7014,-0.1532,0.6961,0,-0.3428,0.7837,0.5179,0,0,0,0,1]},
{"frame":16,"values":[-0.0546,0.9892,0.136,0,0.1051,-0.1297,0.986,0,0.993,0.0681,-0.0968,0,0,0,0,1]},
{"frame":18,"values":[-0.0539,0.9965,0.064,0,0.0791,-0.0596,0.9951,0,0.9954,0.0587,-0.0756,0,0,0,0,1]},
{"frame":19,"values":[-0.0539,0.9965,0.064,0,0.0791,-0.0596,0.9951,0,0.9954,0.0587,-0.0756,0,0,0,0,1]}],"loopBehavior":1,"name":"anim","property":"_matrix"}},
{"name":"Knee Lt","index":16,"matrix":[-0.5826,-0.812,0.0362,0,0.0347,-0.0694,-0.997,0,0.812,-0.5796,0.0686,0,0,1.0392,0,1],"rest":[-0.5826,-0.812,0.0362,0,0.0347,-0.0694,-0.997,0,0.812,-0.5796,0.0686,0,0,1.0392,0,1],"parentBoneIndex":15,"length":0.9231
,"animation":{"dataType":3,"framePerSecond":24,"keys":[
{"frame":0,"values":[-0.5826,-0.812,0.0362,0,0.0347,-0.0694,-0.997,0,0.812,-0.5796,0.0686,0,0,1.0392,0,1]},
{"frame":1,"values":[-0.5845,-0.7703,-0.2551,0,0.0225,0.2989,-0.954,0,0.8111,-0.5633,-0.1574,0,0,1.0392,0,1]},
{"frame":3,"values":[-0.3922,-0.7411,-0.5449,0,-0.6247,0.6494,-0.4336,0,0.6753,0.1704,-0.7176,0,0,1.0392,0,1]},
{"frame":4,"values":[-0.6912,-0.7119,0.1247,0,-0.171,-0.0066,-0.9853,0,0.7022,-0.7023,-0.1172,0,0,1.0392,0,1]},
{"frame":6,"values":[-0.7187,0.0711,-0.6916,0,-0.2001,0.9315,0.3036,0,0.6659,0.3566,-0.6553,0,0,1.0392,0,1]},
{"frame":8,"values":[-0.6902,-0.031,0.723,0,-0.7078,0.2371,-0.6655,0,-0.1508,-0.971,-0.1856,0,0,1.0392,0,1]},
{"frame":9,"values":[-0.6964,0.1533,0.7011,0,-0.7019,0.0585,-0.7099,0,-0.1498,-0.9865,0.0668,0,0,1.0392,0,1]},
{"frame":10,"values":[-0.7046,-0.0261,0.7091,0,-0.7019,-0.1211,-0.7019,0,0.1042,-0.9923,0.067,0,0,1.0392,0,1]},
{"frame":11,"values":[-0.6823,-0.731,0.0062,0,-0.7275,0.6782,-0.1038,0,0.0717,-0.0753,-0.9946,0,0,1.0392,0,1]},
{"frame":12,"values":[-0.3804,0.8584,0.3441,0,-0.3683,0.2007,-0.9078,0,-0.8483,-0.4721,0.2398,0,0,1.0392,0,1]},
{"frame":13,"values":[-0.3709,0.5916,0.7159,0,-0.3814,0.6058,-0.6982,0,-0.8467,-0.532,0.001,0,0,1.0392,0,1]},
{"frame":14,"values":[-0.3566,0.1758,0.9176,0,-0.3894,0.8648,-0.317,0,-0.8492,-0.4704,-0.2399,0,0,1.0392,0,1]},
{"frame":16,"values":[0.957,-0.2855,-0.0508,0,0.2178,0.592,0.776,0,-0.1914,-0.7537,0.6287,0,0,1.0392,0,1]},
{"frame":17,"values":[-0.3021,-0.8547,-0.4222,0,-0.7604,-0.0511,0.6475,0,-0.575,0.5166,-0.6345,0,0,1.0392,0,1]},
{"frame":18,"values":[-0.736,-0.2433,-0.6317,0,0.0231,0.9236,-0.3826,0,0.6765,-0.2962,-0.6742,0,0,1.0392,0,1]},
{"frame":19,"values":[-0.736,-0.2433,-0.6317,0,0.0231,0.9236,-0.3826,0,0.6765,-0.2962,-0.6742,0,0,1.0392,0,1]}],"loopBehavior":1,"name":"anim","property":"_matrix"}},
{"name":"Knee below Lt","index":17,"matrix":[0.6981,0.228,0.6787,0,-0.3329,0.9426,0.0258,0,-0.6339,-0.244,0.734,0,0,0.9231,0,1],"rest":[0.9987,-0.0022,-0.0505,0,0.0023,1,0.0016,0,0.0505,-0.0017,0.9987,0,0,0.9231,0,1],"parentBoneIndex":16,"length":0.8309
,"animation":{"dataType":3,"framePerSecond":24,"keys":[
{"frame":0,"values":[0.6981,0.228,0.6787,0,-0.3329,0.9426,0.0258,0,-0.6339,-0.244,0.734,0,0,0.9231,0,1]},
{"frame":1,"values":[0.7911,0.1736,-0.5866,0,0.0119,0.9543,0.2985,0,0.6116,-0.2431,0.7529,0,0,0.9231,0,1]},
{"frame":3,"values":[0.0014,-0.1859,-0.9826,0,-0.614,0.7754,-0.1475,0,0.7893,0.6036,-0.1131,0,0,0.9231,0,1]},
{"frame":5,"values":[-0.0763,0.3716,-0.9253,0,-0.1469,0.9136,0.379,0,0.9862,0.1649,-0.0151,0,0,0.9231,0,1]},
{"frame":8,"values":[-0.2587,0.1305,-0.9571,0,-0.8908,0.3508,0.2886,0,0.3735,0.9273,0.0255,0,0,0.9231,0,1]},
{"frame":9,"values":[-0.4234,0.8659,0.2665,0,-0.1223,0.2368,-0.9638,0,-0.8976,-0.4407,0.0057,0,0,0.9231,0,1]},
{"frame":10,"values":[-0.2502,0.052,0.9668,0,-0.5652,0.8029,-0.1894,0,-0.7861,-0.5938,-0.1715,0,0,0.9231,0,1]},
{"frame":12,"values":[-0.9434,0.0483,-0.3281,0,0.2611,0.7181,-0.6451,0,0.2045,-0.6942,-0.6901,0,0,0.9231,0,1]},
{"frame":13,"values":[-0.9961,0.0848,-0.0242,0,0.0882,0.9527,-0.2908,0,-0.0016,-0.2918,-0.9565,0,0,0.9231,0,1]},
{"frame":16,"values":[0.7456,-0.4108,-0.5247,0,-0.3625,0.4107,-0.8366,0,0.5592,0.814,0.1573,0,0,0.9231,0,1]},
{"frame":17,"values":[-0.7338,0.1716,0.6573,0,0.3611,0.9181,0.1634,0,-0.5755,0.3573,-0.7357,0,0,0.9231,0,1]},
{"frame":19,"values":[-0.7338,0.1716,0.6573,0,0.3611,0.9181,0.1634,0,-0.5755,0.3573,-0.7357,0,0,0.9231,0,1]}],"loopBehavior":1,"name":"anim","property":"_matrix"}},
{"name":"Foot Lt","index":18,"matrix":[-0.7731,-0.0283,-0.6337,0,0.6343,-0.0179,-0.7729,0,0.0106,-0.9994,0.0318,0,0,0.8309,0,1],"rest":[-0.7731,-0.0283,-0.6337,0,0.6343,-0.0179,-0.7729,0,0.0106,-0.9994,0.0318,0,0,0.8309,0,1],"parentBoneIndex":17,"length":1.3844
,"animation":{"dataType":3,"framePerSecond":24,"keys":[
{"frame":0,"values":[-0.7731,-0.0283,-0.6337,0,0.6343,-0.0179,-0.7729,0,0.0106,-0.9994,0.0318,0,0,0.8309,0,1]},
{"frame":1,"values":[-0.4938,-0.3566,-0.7931,0,0.734,0.3181,-0.6,0,0.4662,-0.8784,0.1047,0,0,0.8309,0,1]},
{"frame":3,"values":[-0.5976,0.4084,-0.69,0,0.3322,0.9094,0.2505,0,0.7298,-0.0795,-0.6791,0,0,0.8309,0,1]},
{"frame":4,"values":[-0.8975,0.441,-0.0058,0,0.4216,0.8615,0.2829,0,0.1298,0.2515,-0.9591,0,0,0.8309,0,1]},
{"frame":5,"values":[-0.769,0.2371,-0.5936,0,0.2028,0.9712,0.1253,0,0.6062,-0.024,-0.7949,0,0,0.8309,0,1]},
{"frame":8,"values":[0.0836,-0.2428,0.9665,0,0.8262,0.5592,0.069,0,-0.5572,0.7927,0.2474,0,0,0.8309,0,1]},
{"frame":10,"values":[0.2826,-0.694,0.6622,0,0.9388,0.3418,-0.0424,0,-0.197,0.6336,0.7481,0,0,0.8309,0,1]},
{"frame":11,"values":[-0.1433,-0.1662,0.9756,0,-0.5864,0.8084,0.0516,0,-0.7973,-0.5647,-0.2133,0,0,0.8309,0,1]},
{"frame":12,"values":[-0.8298,-0.3,0.4707,0,-0.5364,0.6617,-0.5239,0,-0.1543,-0.6872,-0.7099,0,0,0.8309,0,1]},
{"frame":13,"values":[-0.4375,-0.0946,0.8942,0,-0.8094,0.4747,-0.3458,0,-0.3917,-0.8751,-0.2843,0,0,0.8309,0,1]},
{"frame":16,"values":[-0.2874,-0.5054,0.8136,0,0.0463,0.8411,0.5389,0,-0.9567,0.1926,-0.2183,0,0,0.8309,0,1]},
{"frame":17,"values":[0.1376,-0.0445,0.9895,0,-0.021,0.9986,0.0478,0,-0.9903,-0.0274,0.1365,0,0,0.8309,0,1]},
{"frame":18,"values":[0.1158,-0.2118,0.9704,0,0.9912,0.088,-0.0991,0,-0.0645,0.9733,0.2202,0,0,0.8309,0,1]},
{"frame":19,"values":[0.1158,-0.2118,0.9704,0,0.9912,0.088,-0.0991,0,-0.0645,0.9733,0.2202,0,0,0.8309,0,1]}],"loopBehavior":1,"name":"anim","property":"_matrix"}}]
,"ranges":[{"name":"ArmatureAction","from":0,"to":19}]}],
"meshes":[{"name":"Cube.013","id":"Cube.013","materialId":"robot_front.Multimaterial#0","billboardMode":0,"position":[0,0,0],"rotation":[0,0,0],"scaling":[1,1,1],"isVisible":true,"freezeWorldMatrix":false,"isEnabled":true,"checkCollisions":false,"receiveShadows":false,"pickable":true,"tags":"","skeletonId":0,"numBoneInfluencers":6
,"positions":[-1.1001,0.9995,1.0311,-1.1595,1.5514,0.9167,-0.9845,1.5787,0.885,-0.4742,1.3142,0.2401,-0.3515,0.6114,0.085,-0.5898,0.7349,0.3862,-0.8823,1.064,-0.743,-0.3859,0.9272,-0.4193,-0.2628,1.064,-0.2528,-1.5502,1.4369,-0.1246,-1.9393,0.9995,0.3671,-1.6658,0.8577,0.0215,-1.4289,0.7349,-0.2778,-0.7111,1.4369,0.5394,-0.3515,0.6114,0.085,-1.0751,1.1907,-0.7251,-0.2359,1.1907,-0.061
,-0.7341,0.716,-0.6082,-0.428,0.716,-0.366,-0.3481,0.6364,-0.1449,-0.9676,0.6364,-0.6351,-0.6919,0.9272,-0.6615,-1.9044,1.0994,0.5126,-1.2497,1.0994,1.0306,-1.8142,1.5514,0.3986,-1.8237,1.5787,0.221,-1.0751,1.1907,-0.7251,-0.2359,1.1907,-0.061,-1.1907,0.6114,-0.579,-0.8267,0.8577,0.6855,2.0974,1.0875,-0.3501,1.9563,1.6265,-0.2463,1.8925,1.6571,-0.4117,1.1544,1.346,-0.834
,1.0643,0.6521,-0.9412,1.3592,0.7764,-0.7725,1.2239,0.8522,0.3791,1.3868,1.5771,0.5283,1.5929,1.0077,0.5902,0.5599,0.5723,-0.0008,0.8548,0.6966,0.1679,1.5235,1.5015,-0.6228,1.019,1.4218,0.3175,1.0643,0.6521,-0.9412,0.355,1.142,-0.0624,0.8595,1.2217,-1.0028,0.6275,0.7186,-0.7831,0.3688,0.8972,-0.4626,0.4435,0.6895,-0.4401,0.6849,1.0797,-0.9491,0.8362,0.6592,-0.9036
,0.3125,1.0208,-0.2548,1.7225,1.1198,0.5355,2.1161,1.182,-0.1982,1.5627,1.5642,0.4874,0.355,1.142,-0.0624,0.8595,1.2217,-1.0028,1.7283,0.9319,-0.5613,-4.5033,4.0142,0.3466,-4.5793,4.275,0.24,-4.5563,4.1715,0.4359,-3.4454,5.0619,0.1354,-3.1369,4.0037,0.5677,-3.3521,4.6422,0.9302,-4.2142,4.3745,0.89,-4.0923,4.1557,-0.2672,-3.999,3.736,0.5276,-4.4141,4.2785,0.7273
,-4.4828,4.5875,0.1421,-4.3244,4.1174,-0.1247,-4.2557,3.8085,0.4605,-4.3075,4.7942,0.0952,-4.4141,4.2785,0.7273,-4.3244,4.1174,-0.1247,-4.2557,3.8085,0.4605,-1.9224,5.2218,-0.2755,-2.7984,4.3276,-0.0941,-1.9146,4.3286,-0.2307,-2.8063,5.2208,-0.1389,-2.683,4.3661,0.6532,-2.6909,5.2593,0.6084,-1.7991,4.3671,0.5167,-1.807,5.2603,0.4719,1.6133,5.2162,0.1203,2.4995,4.3219,-0.0001
,1.6133,4.3219,0.1203,2.4995,5.2162,-0.0001,2.3976,4.3219,-0.7504,1.5113,5.2162,-0.6301,1.5113,4.3219,-0.6301,2.3976,5.2162,-0.7504,4.1868,3.9874,-0.7194,4.1965,4.1511,-0.9608,4.1223,3.9523,-0.8931,3.06,4.9395,-1.0114,3.0205,4.2755,-0.0319,2.759,4.133,-0.7366,3.8145,3.9043,-0.2515,3.854,4.5683,-1.231,4.1155,4.7108,-0.5263,3.553,3.7618,-0.9562,4.0187,3.8989,-0.4357
,3.8261,3.794,-0.9546,4.0478,4.3877,-1.1568,4.2403,4.4926,-0.638,3.8261,3.794,-0.9546,4.2403,4.4926,-0.638,4.0187,3.8989,-0.4357,-2.4968,7.7036,0.86,-1.8638,8.3847,0.7588,-1.8509,7.7246,0.7196,-1.9922,7.7601,0.0745,-2.0051,8.4202,0.1136,-2.6382,7.7391,0.2149,-2.5097,8.3637,0.8992,-2.6511,8.3992,0.2541,-2.5067,10.2048,1.0419,-1.8478,9.5656,0.8623,-2.4938,9.5447,1.0027
,-2.0021,10.2613,0.2563,-1.9892,9.6012,0.2172,-2.6352,9.5802,0.3576,-1.8607,10.2257,0.9015,-2.6481,10.2403,0.3968,-2.482,11.1492,1.1605,-1.9678,11.3448,0.948,-1.8361,11.1701,1.0201,-2.4984,11.3546,0.608,-2.4031,11.3307,1.0427,-1.9775,11.2057,0.375,-2.0631,11.3688,0.5133,-2.6234,11.1847,0.5154,2.1595,11.3205,0.1396,1.5924,11.4811,0.1621,2.0277,11.4952,0.0675,1.3721,11.3351,-0.3651
,1.5135,11.2995,0.28,1.9324,11.5191,-0.3672,2.0181,11.356,-0.5055,1.4971,11.505,-0.2726,1.5326,10.3526,0.202,2.1915,9.7135,0.0224,1.5455,9.6925,0.1628,2.1786,10.3736,0.0616,2.0501,9.749,-0.6227,2.0372,10.4091,-0.5836,1.4041,9.728,-0.4823,1.3912,10.3881,-0.4431,1.5444,8.5078,0.1267,2.2032,7.8687,-0.0529,1.5573,7.8478,0.0875,2.0489,8.5643,-0.6589,2.0618,7.9042,-0.698
,1.4159,7.8833,-0.5576,1.403,8.5434,-0.5184,2.1903,8.5288,-0.0137,0.6309,8.9971,0.1691,0.9633,8.9047,-0.0402,1.0142,8.8986,0.0797,1.6548,7.2537,-0.1513,1.7698,7.478,-0.3825,1.5786,7.2628,-0.3306,1.2863,8.768,-0.1543,1.3511,8.7602,-0.0018,1.3843,7.0629,-0.1025,1.3195,7.0707,-0.255,1.5526,8.5964,-0.2515,1.6288,8.5872,-0.0722,1.0532,6.9028,-0.0388,1.0023,6.909,-0.1586
,1.7518,8.3965,-0.328,1.8365,8.3863,-0.1288,0.6743,6.7796,0.0375,0.6392,6.7838,-0.0451,1.8765,8.1761,-0.3809,1.9663,8.1653,-0.1694,0.2621,6.6978,0.1233,0.2442,6.7,0.0812,1.9216,7.9435,-0.4082,2.0133,7.9325,-0.1925,0.2161,9.052,0.263,-0.2144,9.0611,0.3579,0.1982,9.0542,0.2209,-0.1674,6.6608,0.2154,1.9755,7.697,-0.1972,1.8856,7.7078,-0.4087,0.5959,9.0014,0.0865
,1.8545,7.4678,-0.1833,1.7488,7.9514,-0.5972,1.7161,7.7155,-0.5941,0.5297,9.0044,0.0142,1.6101,7.4852,-0.5571,0.8672,8.9091,-0.1451,1.4349,7.2694,-0.4878,1.1641,8.7735,-0.2879,1.1973,7.0763,-0.3887,1.4089,8.6029,-0.4086,0.9063,6.9133,-0.2636,1.5922,8.4038,-0.5026,0.5731,6.7868,-0.1174,1.707,8.1838,-0.5663,0.2105,6.7015,0.0443,0.1645,9.0557,0.1841,1.0224,7.0793,-0.4983
,0.7688,6.9157,-0.3497,1.3636,8.4078,-0.6458,0.4784,6.7884,-0.1767,1.4644,8.188,-0.7183,0.1623,6.7024,0.0141,1.5014,7.9557,-0.7522,0.1163,9.0566,0.1538,1.4735,7.7198,-0.7461,0.4351,9.006,-0.0451,1.3816,7.4892,-0.7004,0.7298,8.9115,-0.2313,1.2293,7.273,-0.6167,0.9892,8.7766,-0.3975,1.2032,8.6065,-0.5375,1.1671,7.7205,-0.859,1.093,7.4899,-0.8067,0.5563,8.9119,-0.2952
,0.9695,7.2736,-0.7124,0.7683,8.7771,-0.4789,0.8015,7.0799,-0.5797,0.9435,8.6071,-0.6332,0.5953,6.9161,-0.4137,1.075,8.4085,-0.7522,0.3589,6.7887,-0.2208,1.158,8.1887,-0.8312,0.1013,6.7025,-0.0083,1.189,7.9564,-0.8673,0.0553,9.0567,0.1314,0.3155,9.0063,-0.0891,0.3922,6.9145,-0.453,0.219,6.7876,-0.2478,0.7995,8.1859,-0.9006,0.03,6.7019,-0.0222,0.8236,7.9535,-0.938
,-0.016,9.0561,0.1176,0.8087,7.7176,-0.9284,0.1757,9.0052,-0.1162,0.7554,7.4872,-0.8721,0.3532,8.9103,-0.3345,0.6657,7.2711,-0.7712,0.5099,8.775,-0.529,0.5431,7.0778,-0.6297,0.6396,8.6047,-0.6921,0.7374,8.4057,-0.8175,0.1285,8.9067,-0.3477,0.3817,7.4812,-0.8939,0.3294,7.2657,-0.7909,0.2239,8.7704,-0.5457,0.2571,7.0732,-0.6464,0.3033,8.5993,-0.7118,0.1676,6.9109,-0.4661
,0.3638,8.3997,-0.8394,0.0643,6.7851,-0.2569,0.4029,8.1795,-0.9238,-0.0489,6.7007,-0.0268,0.4192,7.947,-0.9617,-0.0949,9.0549,0.113,0.4121,7.7112,-0.9516,0.0209,9.0027,-0.1253,-0.0167,8.1699,-0.9,-0.0995,6.7814,-0.2476,-0.1323,6.6988,-0.022,-0.0087,7.9372,-0.9374,-0.1784,9.0529,0.1177,-0.0076,7.7016,-0.9278,-0.1428,8.9989,-0.116,-0.0136,7.4721,-0.8715,-0.1092,8.9012,-0.3342
,-0.0263,7.2576,-0.7707,-0.0786,8.7635,-0.5285,-0.0454,7.0662,-0.6293,-0.0524,8.5911,-0.6916,-0.0701,6.9054,-0.4526,-0.0315,8.3907,-0.817,-0.4153,7.4604,-0.8056,-0.3879,7.247,-0.7114,-0.3861,8.7545,-0.4781,-0.3529,7.0572,-0.5788,-0.414,8.5805,-0.6323,-0.3117,6.8984,-0.413,-0.4333,8.3789,-0.7511,-0.2659,6.7765,-0.2203,-0.4432,8.1574,-0.8301,-0.2172,6.6963,-0.0081,-0.4435,7.9245,-0.8661
,-0.2632,9.0505,0.1316,-0.4341,7.6891,-0.8578,-0.3093,8.9941,-0.0887,-0.3508,8.8941,-0.2946,-0.3001,6.6933,0.0144,-0.8602,8.1425,-0.7167,-0.8687,7.9093,-0.7505,-0.3461,9.0475,0.1542,-0.8511,7.6742,-0.7444,-0.472,8.9883,-0.0444,-0.8081,7.4463,-0.6988,-0.587,8.8857,-0.2303,-0.7414,7.2344,-0.6153,-0.6868,8.7438,-0.3964,-0.6536,7.0465,-0.4971,-0.7675,8.5679,-0.5361,-0.5479,6.8899,-0.3488
,-0.8261,8.3649,-0.6443,-0.4286,6.7707,-0.1761,-0.8087,8.8762,-0.144,-0.969,8.7317,-0.2864,-0.9358,7.0345,-0.3871,-1.0993,8.5538,-0.4068,-0.7697,6.8805,-0.2624,-1.1948,8.3492,-0.5006,-0.5813,6.7642,-0.1166,-1.2517,8.1258,-0.5642,-0.378,6.69,0.0448,-1.2678,7.8923,-0.595,-0.424,9.0442,0.1845,-1.2425,7.6575,-0.592,-0.6247,8.9817,0.015,-1.1768,7.4306,-0.5552,-1.0733,7.2202,-0.486
,-1.6025,8.1079,-0.3785,-1.6255,7.874,-0.4056,-0.4938,9.0406,0.2214,-0.4478,6.6864,0.0817,-1.5934,7.6396,-0.4062,-0.7616,8.9748,0.0875,-1.5073,7.4138,-0.3802,-1.0074,8.8661,-0.0388,-1.3707,7.2051,-0.3286,-1.2219,8.7188,-0.1525,-1.1887,7.0216,-0.2533,-1.3968,8.5386,-0.2494,-0.9684,6.8703,-0.1572,-1.5253,8.3323,-0.3257,-0.7182,6.7572,-0.0441,-1.4027,7.0083,-0.1005,-1.4359,8.7056,0.0002
,-1.6484,8.523,-0.0698,-1.1365,6.8599,-0.0372,-1.8049,8.315,-0.1262,-0.834,6.75,0.0385,-1.8993,8.0895,-0.1666,-0.5068,6.6828,0.1238,-1.9281,7.8553,-0.1897,-0.5528,9.037,0.2636,-1.8902,7.6213,-0.1944,-0.8774,8.9676,0.1702,-1.7869,7.3965,-0.1807,-1.1756,8.8557,0.0812,-1.6223,7.1895,-0.149,-0.5528,6.6792,0.1695,-2.1215,7.6031,0.0353,-0.5988,9.0334,0.3093,-0.9676,8.9605,0.2598
,-2.0048,7.3793,0.0357,-1.3066,8.8454,0.2114,-1.8184,7.1741,0.0458,-1.6026,8.6925,0.1658,-1.5695,6.9952,0.0651,-1.8445,8.5076,0.1249,-1.2676,6.8496,0.0929,-2.0227,8.2979,0.0903,-0.9243,6.7429,0.1282,-2.1306,8.0714,0.0631,-2.1639,7.8368,0.0446,-1.3565,6.8399,0.2282,-1.9775,8.493,0.3275,-2.1706,8.2817,0.3153,-0.9855,6.7362,0.2214,-2.2875,8.0541,0.302,-0.584,6.6757,0.2171
